6815634.167094511
145322.46776612784 0.3074924945831299

49394.85984099219 153487.692719739 0.0004458427429199219
174583.74808405523 227152.1620693205 0.011227846145629883

52283.74253151408 154441.60505114563 0.0004513263702392578
175131.8897327239 227573.72088856777 0.010516166687011719

49765.85263696116 153607.48590599865 0.00044727325439453125
174754.5229069181 227283.4417948452 0.010559558868408203

48260.219990415266 153126.3154104914 0.0004506111145019531
174610.0161471828 227172.3516993587 0.01098012924194336

51473.59484129317 154169.22716144664 0.00045371055603027344
174461.71718328525 227058.38544361608 0.010886907577514648

53183.31989438695 154748.45767483354 0.0004520416259765625
174916.97963283415 227408.37583852076 0.01099252700805664

46166.33413036896 152479.34300998176 0.0004508495330810547
174495.6075636365 227084.4263631022 0.010600566864013672

50143.17302665873 153730.14486066895 0.0004525184631347656
174610.2650793712 227172.54303453956 0.010745048522949219

49858.343727431165 153637.47614734725 0.00044798851013183594
174659.5385033026 227210.4179563059 0.010716915130615234

51489.09258502586 154174.40219744612 0.0004439353942871094
174831.48557619803 227342.62245883272 0.010546207427978516

49107.72091497031 153395.52761136965 0.00044655799865722656
174472.80762455068 227066.90696379257 0.010779857635498047

54209.35254147315 155104.07325619788 0.0004558563232421875
175418.68260208503 227794.49915116068 0.011393070220947266

47428.29162985976 152866.15872923055 0.0004508495330810547
174209.97028808182 226865.01137341178 0.011957645416259766

53995.0434604716 155029.3016045151 0.0004627704620361328
175070.07752641023 227526.1560410764 0.011419534683227539

45771.080958264094 152360.1374696235 0.0004699230194091797
174213.04989912643 226867.3762197023 0.012234687805175781

50915.25889675303 153983.71091203712 0.0004551410675048828
175016.27557103225 227484.76070376605 0.012300491333007812

47560.28044299225 152907.1610929636 0.00047087669372558594
174446.39686706316 227046.61419537966 0.011910676956176758

51009.004704318664 154014.73370621022 0.0004725456237792969
174858.85640647548 227363.67190356372 0.012349128723144531

49612.544213416186 153557.88544062056 0.0004870891571044922
174631.17591821897 227188.6160006173 0.01243138313293457

48899.93853246605 153329.13495536178 0.000469207763671875
174561.17008965372 227134.80961932955 0.012755870819091797

