5280964.218331448
176964.803108928
36195.97461017825 180628.59717487724
23986.357408714914 178582.99717812566
27947.476704762692 179158.03915416804
25748.75164574245 178828.24092045942
28089.35593401097 179180.22618634705
26748.150059437856 178974.87273628384
24763.090636952533 178688.9817456157
27205.522009140048 179043.79901908062
24211.343254604042 178613.3552721173
27049.855331922456 179020.2117439834
25256.020530344947 178757.95957774576
27245.36723876027 179049.85779203757
26194.960983631667 178893.03373889293
22692.643138301446 178413.838005846
28454.262872172003 179237.7934895098
27135.21009632042 179033.12868392945
26289.304494222277 178906.87261863565
27864.50840862843 179145.11539042252
26181.837664257953 178891.11258768025
24773.063585136668 178690.36409043823
