9365714.532124497
409894.12195632205 0.10236549377441406

54138.57556490316 413453.9594423215 0.0004379749298095703
461347.0085749967 617133.9024356393 0.01156926155090332

49537.893535980555 412876.7299210138 0.0004444122314453125
461104.5032315646 616952.6352280105 0.010985851287841797

50867.19041458998 413038.33027335943 0.0004448890686035156
460999.3135812788 616874.021447418 0.01099395751953125

52134.80955620145 413196.3571739081 0.00045418739318847656
461141.9872463581 616980.6509249713 0.01115274429321289

52589.36282563155 413253.95617786923 0.00045371055603027344
461214.06658179115 617034.5261225316 0.012421846389770508

51803.72902899776 413154.71382480924 0.0004706382751464844
461265.37646276393 617072.8795998889 0.011228799819946289

51665.60389437654 413137.417622808 0.0004482269287109375
460989.5780793962 616866.7459931512 0.010973930358886719

49091.76139083051 412823.4395606972 0.0004475116729736328
460959.67453271174 616844.3991475027 0.010953664779663086

49011.88846099566 412813.9489223622 0.0004496574401855469
461064.601559257 616922.8136690124 0.010838508605957031

48045.149950160245 412700.28791853314 0.0004527568817138672
461087.92310400354 616940.2434973996 0.010672330856323242

49562.90067405257 412879.73108104605 0.0004413127899169922
460985.87153446866 616863.9760666494 0.01100301742553711

51669.53045386152 413137.9086838829 0.00044846534729003906
461102.4464450709 616951.0980068818 0.011006355285644531

51111.930886842216 413068.54236715595 0.0004532337188720703
461062.19833437464 616921.0175924432 0.010905027389526367

49073.77686597562 412821.3012796749 0.00045228004455566406
460945.9694574521 616834.1575929391 0.011628150939941406

52514.49343669842 413244.43521394214 0.00044846534729003906
461241.92348048755 617055.348563047 0.011204004287719727

50990.450310174296 413053.528295222 0.00044465065002441406
461152.434375332 616988.459328511 0.010748863220214844

52071.79861627953 413188.41153339803 0.00044345855712890625
461091.9354859217 616943.2422715536 0.010770320892333984

48660.47416145677 412772.3742693663 0.0004467964172363281
460987.5459460852 616865.2273647365 0.011009454727172852

53643.27019280244 413389.3947011407 0.0004429817199707031
461138.3398277805 616977.9247861716 0.01073765754699707

51170.01403228739 413075.7334319767 0.0004420280456542969
461169.941850811 617001.5449583549 0.01077413558959961

