6834135.738005167
226488.08193435878 0.07417917251586914

24274.584585902496 227785.22058095512 0.00025081634521484375
284909.86292241147 363964.9450822964 0.005171537399291992

23229.788357066307 227676.24892685356 0.000240325927734375
284868.9021282588 363932.88207862864 0.004303455352783203

23997.860027962364 227755.89683739218 0.0002453327178955078
284921.5457777097 363974.0904331853 0.004316568374633789

27135.83917507437 228107.8802365874 0.00023984909057617188
285017.49779397453 364049.2072605621 0.004299640655517578

26141.966633006083 227991.78423295048 0.00024247169494628906
285011.26693526894 364044.3290841655 0.004294633865356445

24328.176574562847 227790.93799740647 0.0002410411834716797
284889.0788163987 363948.675622179 0.004313468933105469

27143.680611790052 228108.8131910775 0.00023984909057617188
285029.97301526327 364058.9743096029 0.004285573959350586

24753.469326592018 227836.75186854412 0.00024080276489257812
284907.64927068027 363963.2122498185 0.004288911819458008

23061.845531308652 227659.1750349851 0.000240325927734375
284912.4879068935 363966.99991013366 0.004342794418334961

25464.068888896294 227915.05010126843 0.0002460479736328125
284850.7513810597 363918.67473467253 0.004304170608520508

24379.526176521467 227796.42787994404 0.00024366378784179688
284896.7247943256 363954.6607159155 0.004330635070800781

23347.998224787265 227688.34023599504 0.00024008750915527344
284861.0588069109 363926.74274211423 0.004303932189941406

24818.905687299448 227843.87052938715 0.0002391338348388672
284918.7969655317 363971.9386472018 0.00431060791015625

25823.309598506003 227955.466214145 0.000240325927734375
285049.6579526228 364074.3862965446 0.004283428192138672

28496.34183084437 228273.72331482611 0.00023984909057617188
285094.31448978436 364109.35089983826 0.0043182373046875

23773.91972491399 227732.40989672238 0.000240325927734375
284913.09505876154 363967.4751873278 0.004327058792114258

24198.5760952854 227777.13305627913 0.0002429485321044922
284945.9909002651 363993.22656943544 0.004308938980102539

23165.775583952185 227669.72661445473 0.00024080276489257812
284863.576104285 363928.7131420455 0.004297733306884766

23536.9852524675 227707.7972601299 0.0002446174621582031
284817.5972158419 363892.7244973508 0.004317045211791992

25493.238373338165 227918.31093854835 0.0002410411834716797
284928.86537805985 363979.82029767026 0.004306793212890625

