7630918.057188041
190098.10241094787 0.10212016105651855

48144.618535139074 196099.9562320106 0.00043964385986328125
260680.43963879478 322632.2676834548 0.011218547821044922

49049.76553410194 196324.1402357042 0.00044608116149902344
260886.88168086827 322799.09165535076 0.01056218147277832

51588.048121453714 196973.64100118598 0.0004444122314453125
260949.52730108684 322849.72408070596 0.010487556457519531

52725.9309820226 197274.7128707276 0.00044918060302734375
261710.04842577223 323464.73994451977 0.010599136352539062

47740.710625400825 196001.18364779316 0.0004482269287109375
260786.2200642512 322717.74217681936 0.010482549667358398

51167.218322113535 196863.8432296174 0.0004467964172363281
261272.4729401691 323110.80708728987 0.010621786117553711

49846.989480539836 196524.83532767653 0.0004436969757080078
260965.97406780202 322863.0176428956 0.010504007339477539

54635.088993350655 197793.5324767389 0.00044465065002441406
261452.1672929946 323256.1280509621 0.010587453842163086

51411.2127504357 196927.4011831871 0.0004444122314453125
260858.9110475109 322776.4861529328 0.0105438232421875

54705.39794797475 197812.96495675802 0.00044417381286621094
261297.47677645966 323131.0259168757 0.010634660720825195

56576.367230033255 198338.53349572202 0.0004458427429199219
261360.11058236603 323181.6763740878 0.01053166389465332

49277.90145254334 196381.26212012424 0.0004458427429199219
260849.7772455384 322769.1045149295 0.01066899299621582

49112.32985529854 196339.78069689477 0.0004456043243408203
260995.37496566764 322886.78246992873 0.01049661636352539

53801.22438401247 197564.82552703342 0.00044417381286621094
261333.0660061496 323159.8055583485 0.010600566864013672

50783.18372347585 196764.37759264107 0.0004436969757080078
261012.0844321271 322900.2891914998 0.01057577133178711

52651.31647022132 197254.78363371998 0.0004467964172363281
261466.229606895 323267.5018698348 0.010520458221435547

50352.0757106253 196653.55340972767 0.00044846534729003906
261050.7508229792 322931.54544814833 0.010525941848754883

49836.54322144996 196522.1859754417 0.0004489421844482422
260835.60024132606 322757.6473045734 0.010611772537231445

48186.9678137016 196110.35772584297 0.00045180320739746094
260786.4982805031 322717.9670017135 0.010541439056396484

48560.70888677697 196202.52543707448 0.0004520416259765625
260876.89977943126 322791.0243157991 0.010593652725219727

