11485650.411898287
158124.53886002
65216.66500456843 171045.5587967659
51983.917908313895 166450.2854032459
52142.34520815543 166499.83169228124
52956.69756947341 166756.65386165623
49462.160897941205 165680.0384791029
51320.14031000227 166244.17761604718
48576.119264593486 165417.68089446684
53012.58746193721 166774.41116411
54628.49190536571 167295.07439760282
51818.985069776725 166398.8491651078
55281.56313219802 167509.46544056063
49737.765028750364 165762.52610218248
49925.31304843911 165818.8972122398
50428.69516028425 165971.1513648745
50637.40827494573 166034.68585371954
54103.37558490168 167124.3400567831
54368.40292689823 167210.3257176885
49473.80995083 165683.51656318895
49695.8919216907 165749.9667076852
51169.38499750505 166197.70079859448
