4935276.486998676
155053.28331779485 0.07417869567871094

24656.799213791855 157001.52360750263 0.0002491474151611328
154069.81993750192 218584.14874639883 0.005153179168701172

27549.236257782653 157481.68492236486 0.00024390220642089844
154426.0965981716 218835.4175588715 0.004338741302490234

22781.044620110642 156717.88877340982 0.0002467632293701172
154044.42662973847 218566.2509247528 0.004319429397583008

25538.06148767862 157142.3343728627 0.00024247169494628906
154178.4554558246 218660.7344594654 0.004322052001953125

26349.98511496141 157276.3249289782 0.00024247169494628906
154233.7978847172 218699.76012230478 0.00431060791015625

23565.030943704158 156833.76980420828 0.0002422332763671875
154082.11737536846 218592.81681356777 0.004333972930908203

23748.953855911786 156861.51050167548 0.000244140625
154074.83170872024 218587.68134021075 0.004327058792114258

24818.834196619533 157027.0524416049 0.0002453327178955078
154008.52250656037 218540.94735829343 0.004339933395385742

26850.294505958842 157360.9194897935 0.0002429485321044922
154259.95379368655 218718.20685999628 0.004315376281738281

25577.491966512345 157148.74725212916 0.0002460479736328125
154195.84667311332 218672.99741590917 0.0043108463287353516

26268.42702209654 157262.68128780628 0.00024271011352539062
154250.06950329046 218711.23567245647 0.004331111907958984

23259.946611771244 156788.21953191326 0.00026702880859375
154031.15555898132 218556.89774162218 0.004325151443481445

24367.05431699881 156956.28054874094 0.0002429485321044922
154151.6765258806 218641.85336608853 0.004326343536376953

25636.806251889317 157158.41212738483 0.00024366378784179688
154316.41517635703 218758.03221931917 0.004328012466430664

25086.296366837258 157069.54807671485 0.00024580955505371094
154069.0964357513 218583.63878419186 0.004317045211791992

24569.64190263574 156987.85931032902 0.00024247169494628906
154184.35280258555 218664.892739445 0.00433349609375

25368.90248369205 157114.93207472638 0.00024509429931640625
154127.28180375867 218624.65474833304 0.00432133674621582

26026.450302637775 157222.44363626142 0.00024509429931640625
154304.16915778842 218749.39379821293 0.004376411437988281

25300.05805240683 157103.83065050715 0.00024366378784179688
154343.67342188192 218777.26159949656 0.004397869110107422

23546.88278073978 156831.04398140978 0.000247955322265625
154058.50609633044 218576.17429231026 0.004340410232543945

