5886747.710765714
219448.49006663362 0.0739443302154541

24932.37537760674 220860.27966684054 0.00026106834411621094
279225.9391486492 355140.48612627195 0.004868030548095703

23057.639443658256 220656.5080147182 0.00024509429931640625
279130.2831046202 355065.2823617172 0.0043447017669677734

26410.299413277786 221031.99702227456 0.0002460479736328125
279279.31681547686 355182.45535705576 0.0043218135833740234

28119.186358357678 221242.69125553904 0.00024390220642089844
279417.393237432 355291.0348378523 0.00433802604675293

24341.306946433822 220794.33646812598 0.00024771690368652344
279213.99249229254 355131.0932543585 0.004326343536376953

27813.30272716334 221204.02256997954 0.0002448558807373047
279380.2686995669 355261.8391147257 0.0044629573822021484

27658.239342986155 221184.57901967634 0.00024962425231933594
279464.7169365192 355328.2535979391 0.004386186599731445

24818.262658359443 220847.42686733024 0.000247955322265625
279229.31158864876 355143.13768228696 0.004387378692626953

26557.576518536163 221049.64298341385 0.00024366378784179688
279234.8844902542 355147.5193618013 0.0043828487396240234

26944.162758953313 221096.4217244417 0.00024700164794921875
279309.4238015027 355206.128912323 0.004415988922119141

25226.466728446278 220893.67219581123 0.0002503395080566406
279274.92066967307 355178.99868602474 0.004335165023803711

27072.75398519459 221112.12947484505 0.00024366378784179688
279341.192379073 355231.1100569873 0.004338264465332031

27905.6662686161 221215.65496690667 0.0002484321594238281
279363.1739466488 355248.3958444969 0.004315614700317383

24457.290464301008 220807.1530757097 0.00024199485778808594
279148.68120658596 355079.74598943494 0.004337310791015625

26369.637955311526 221027.1422211677 0.00024580955505371094
279221.53126057895 355137.02047528274 0.004408121109008789

28829.017571776083 221334.02821686552 0.00024700164794921875
279456.5277748034 355321.8128802296 0.004317045211791992

23795.58318025345 220734.83995834825 0.0002434253692626953
279155.5371118181 355085.135837504 0.004305124282836914

26278.845809003007 221016.3286493049 0.00024819374084472656
279275.6044673512 355179.5363519046 0.004358530044555664

27878.720900366934 221212.25750757937 0.000244140625
279322.3944680739 355216.3282338369 0.004349470138549805

25829.702082440246 220963.37547708896 0.0002446174621582031
279192.6401039781 355114.3056549132 0.0043184757232666016

