3311391.237061431
199576.00361755796
32512.68572333782 202206.9631662078
25418.66180306404 201188.19445437635
23403.29684246996 200943.5132644256
27367.540220519528 201443.69803415163
27870.399949902097 201512.63090269157
27576.33031172771 201472.16982356113
25154.866079475694 201155.03599818292
26348.290016232128 201307.75843650888
29762.728781212612 201783.05489921215
24763.928740999658 201106.52248657594
29145.346704269465 201692.91622281607
22810.9199318345 200875.38248398798
24624.59129310756 201089.41224317285
24403.922031949962 201062.5092614174
26481.44431608782 201325.22969816643
27185.056777952257 201418.98751599854
27518.646140840327 201464.2824556719
24465.65196414638 201070.0110558046
26095.078604165996 201274.77325118246
26068.215263860904 201271.2922078016
