5806008.255260343
225319.77157745836 0.07360386848449707

26074.111934961238 226823.40879397554 0.0002498626708984375
319112.953291957 390643.1573987386 0.00475764274597168

27038.278024649604 226936.26405279763 0.0002484321594238281
319081.31147315184 390617.3099020889 0.004318952560424805

23884.92128511701 226582.19022801833 0.00024390220642089844
318954.8402726329 390514.0069153239 0.004338741302490234

27162.272086999597 226951.070692893 0.0002455711364746094
319179.6694795352 390697.659159606 0.0042912960052490234

26214.234951844886 226839.55911136698 0.00024366378784179688
319102.74595173454 390634.8191567935 0.004315614700317383

25800.180156013987 226792.08266560338 0.00024390220642089844
319081.0370883242 390617.08576696255 0.0043010711669921875

24989.86592267265 226701.32964443075 0.00024247169494628906
319052.68495365634 390593.9262710694 0.004294395446777344

21857.56910741805 226377.4564549207 0.0002429485321044922
318914.12387249677 390480.7522389351 0.004285573959350586

24516.190948972966 226649.60419631324 0.00024247169494628906
319144.89374784526 390669.2497101013 0.004291057586669922

26032.874798675162 226818.67214588847 0.0002453327178955078
319097.51427855727 390630.54550620785 0.004296779632568359

25607.632678554128 226770.2588857662 0.00024819374084472656
319105.34685205936 390636.9437896357 0.004306316375732422

25313.723805314417 226737.25780424709 0.0002422332763671875
319086.01676952024 390621.15349987807 0.00430750846862793

27235.213132632394 226959.81207714375 0.00024628639221191406
319152.67446769937 390675.6059489757 0.004322528839111328

24484.983957716126 226646.23072780375 0.00024175643920898438
319041.11053389456 390584.47188082314 0.004319667816162109

27789.613112034276 227027.0073375601 0.0002453327178955078
319170.3477627242 390690.0438387089 0.0042951107025146484

24366.883497130533 226633.50254338747 0.0002429485321044922
319074.5643263426 390611.7984185398 0.004306793212890625

24339.272306204875 226630.53554215725 0.0002448558807373047
319016.55019035423 390564.41051262524 0.0042803287506103516

27088.215770632916 226942.21929240154 0.00024271011352539062
319070.7938074959 390608.71844424756 0.004289388656616211

24373.24480514215 226634.18657840474 0.0002434253692626953
319007.69262551755 390557.1756068399 0.004317760467529297

21572.722536024277 226350.13103888667 0.0002460479736328125
318904.4207854001 390472.82755679084 0.0043032169342041016

