10320655.337222116
287308.6236408374 0.10208463668823242

53497.684100530845 292246.8946326945 0.0004527568817138672
698670.593847094 755438.180081537 0.011095523834228516

51081.98125745856 291814.34856346285 0.00044798851013183594
698460.8500019921 755244.2017015684 0.010571002960205078

48952.68296787324 291449.1557511982 0.0004444122314453125
698424.4715405081 755210.5584966782 0.01056814193725586

51964.788638496735 291970.17737546546 0.0004429817199707031
698573.2919850707 755348.190898166 0.010571718215942383

48867.239792188084 291434.81662836333 0.00044465065002441406
698437.6307937696 755222.7282908683 0.010528087615966797

48988.95787700741 291455.2507885236 0.0004439353942871094
698421.7998049988 755208.0876561654 0.01046895980834961

50663.492280338185 291741.3831947894 0.00044918060302734375
698492.3605681662 755273.3432277337 0.010523080825805664

47926.10254040241 291278.486200051 0.0004451274871826172
698340.0908335887 755132.5232591722 0.010526180267333984

49587.76859603313 291556.49883459345 0.0004458427429199219
698428.2844250582 755214.084682724 0.010580062866210938

48248.679700409346 291331.7358462368 0.00044465065002441406
698345.3185215446 755137.357782808 0.010526180267333984

52273.00591644437 292025.1913206779 0.00044846534729003906
698455.3650727514 755239.1291619018 0.010481834411621094

50432.821592940476 291701.41362717695 0.00044798851013183594
698412.6599230631 755199.635036406 0.010788917541503906

48381.12931621684 291353.7006668515 0.0004572868347167969
698422.0562249164 755208.3247950361 0.010594367980957031

51178.175800359044 291831.2027465926 0.00044727325439453125
698543.0871660247 755320.2564778073 0.010653972625732422

47360.7600029821 291186.0003612212 0.0004515647888183594
698302.966800121 755098.191403047 0.010498285293579102

52279.84685692789 292026.4159380522 0.0004444122314453125
698563.0578036542 755338.7259675557 0.010538578033447266

52990.28598642442 292154.4379726759 0.00044465065002441406
698451.4992830183 755235.5540286403 0.010479211807250977

50878.950443614754 291778.87657702394 0.0004451274871826172
698527.5567750587 755305.8935242279 0.010560035705566406

53133.37239127444 292180.42453247285 0.00044655799865722656
698458.3886440078 755241.9254023345 0.010590553283691406

47422.01053811687 291195.9688967872 0.00045108795166015625
698269.4429695158 755067.1891978937 0.01051783561706543

