4092111.7017231775
181782.04719577436 0.07365608215332031

26323.28392114474 183678.05519193126 0.0002510547637939453
217007.90033156073 283085.04285640165 0.0047833919525146484

23818.94924089475 183335.90762759713 0.00024437904357910156
216738.20439144407 282878.3518148923 0.0043566226959228516

27269.55654256002 183816.05315293092 0.00024700164794921875
217067.72649040943 283130.9071196851 0.004330873489379883

24424.71190998989 183415.59157983493 0.00024318695068359375
216747.70351949576 282885.6300055944 0.0043408870697021484

28110.81363260778 183942.7370835285 0.00024271011352539062
217195.25342822325 283228.68992113107 0.004311084747314453

24318.21393058204 183401.4400474079 0.0002455711364746094
216735.40686221782 282876.2083852663 0.004331827163696289

26416.87596850043 183691.49141599226 0.0002434253692626953
216836.64994272604 282953.7867586886 0.004319906234741211

23304.027741680893 183269.7203350266 0.00024700164794921875
216804.61923344815 282929.2413372245 0.004324197769165039

24040.53921969285 183364.82816687826 0.00024318695068359375
216829.8605688266 282948.58387521567 0.0043201446533203125

26121.767732176362 183649.283777937 0.0002467632293701172
216845.49277066914 282960.563361125 0.004327535629272461

26613.498378099986 183719.87094111505 0.00024366378784179688
216877.32718871164 282984.96025621914 0.004351615905761719

22519.839845261406 183171.65683955082 0.00024390220642089844
216759.0206772446 282894.3013347131 0.0043179988861083984

25131.153559203674 183511.00120132678 0.00024247169494628906
216816.3155691612 282938.2041712892 0.0043430328369140625

27921.18929944826 183913.85346021826 0.00024390220642089844
217007.51808443118 283084.749832729 0.004338979721069336

24815.15931786676 183467.9939789594 0.0002453327178955078
216827.14437404886 282946.50239947584 0.004311561584472656

25745.89046949058 183596.19701604985 0.00024580955505371094
216902.97952936386 283004.6204771498 0.004325151443481445

25077.198287255065 183503.62000962964 0.0002465248107910156
216837.606410414 282954.51973152114 0.004340171813964844

29453.595737697873 184152.7273340565 0.00024366378784179688
217109.65086156427 283163.0505202339 0.0043184757232666016

26544.567013547756 183709.89826527835 0.00024271011352539062
216905.93072476183 283006.882365563 0.0043087005615234375

26839.359223832125 183752.72484032228 0.000244140625
216870.1634264942 282979.47004567774 0.004311084747314453

