7490979.56063438
129984.4515828783 0.10348677635192871

53267.936188972744 140475.72985770094 0.0004496574401855469
157942.27658552938 204552.48809586273 0.011083364486694336

51415.851573273 139783.93128737583 0.0004489421844482422
157685.06651720477 204353.9523858605 0.010338306427001953

50013.76489832301 139274.31325443988 0.0004420280456542969
157243.51683417778 204013.4339684113 0.010362863540649414

53514.13473464328 140569.27213854666 0.0004425048828125
158209.59066395002 204758.96129646283 0.01038360595703125

51093.99029811652 139665.86375273284 0.0004448890686035156
157873.53753748912 204499.41688863086 0.010350942611694336

53351.30004450707 140507.36233241216 0.0004482269287109375
158260.23050572243 204798.0913311666 0.010444402694702148

47279.236057373666 138315.884175952 0.00044655799865722656
156982.68001979333 203812.4615410235 0.010333776473999023

54992.91592657425 141138.86231421484 0.00044846534729003906
158306.5802718139 204833.91079261238 0.010361194610595703

54076.2620871529 140784.23127081853 0.00044465065002441406
157974.44401213466 204577.32673530743 0.010387897491455078

53257.74163858154 140471.864434191 0.00045013427734375
157644.00024236503 204322.26620120258 0.010601282119750977

54014.17291073711 140760.3940333888 0.00044608116149902344
158322.4176512525 204846.15101127027 0.010432720184326172

47208.18224557065 138291.61263118853 0.0004487037658691406
156765.9179924431 203645.55162631042 0.010622501373291016

52972.953834223845 140364.1389069734 0.0004551410675048828
158008.2611817064 204603.44145407004 0.01049947738647461

49875.664142718226 139224.78057747832 0.0004413127899169922
157299.45157003845 204056.54882279862 0.010670661926269531

51233.63699965073 139717.0111811394 0.00044727325439453125
157781.70186679173 204428.52809036672 0.010555028915405273

48810.943663709586 138846.9152503659 0.00044727325439453125
157386.89291682214 204123.96163900464 0.010446310043334961

55625.10281615691 141386.38448069728 0.0004482269287109375
158094.8224439018 204670.29715328122 0.010452032089233398

52436.520501872845 140162.5710935467 0.00044345855712890625
158051.56913261834 204636.88855742413 0.010520458221435547

50497.494139593415 139448.7524778495 0.00045037269592285156
157401.611164917 204135.31015128669 0.01140141487121582

50212.23592042866 139345.70782516265 0.00045609474182128906
157728.61105889388 204387.55441507685 0.010490655899047852

