6238868.425661259
244538.0925563705 0.07411074638366699

23698.20317539624 245683.70630722167 0.0002498626708984375
291190.8651809361 380251.2309986045 0.0052602291107177734

24590.663250391666 245771.39668855048 0.00024247169494628906
291241.0589275004 380289.67001007113 0.004320383071899414

23583.91199024779 245672.70832531792 0.00024318695068359375
291251.2773976814 380297.49578050245 0.004318952560424805

28068.211238497912 246143.6637276866 0.00024366378784179688
291456.76110227534 380454.88865747966 0.004317045211791992

23920.203396261953 245705.21940253692 0.0002429485321044922
291250.1559049323 380296.6368846939 0.004336357116699219

26997.835931274636 246023.90505013938 0.00024366378784179688
291515.41463365953 380499.8234956176 0.0043141841888427734

25949.018429298914 245911.02103930427 0.0002465248107910156
291327.07670005946 380355.54988686746 0.004319429397583008

22899.282430679083 245607.93115654754 0.00024366378784179688
291206.93444543885 380263.53674819 0.004318714141845703

25353.481905167668 245848.89211842467 0.0002429485321044922
291267.27811684227 380309.750088972 0.004311323165893555

26155.94571673535 245932.94250157705 0.00024366378784179688
291386.1848589755 380400.8247070661 0.004313468933105469

27587.688392336477 246089.33187357624 0.00024247169494628906
291441.9010809146 380443.5048950451 0.004358768463134766

24054.960639159453 245718.3750607802 0.0002448558807373047
291255.29110218986 380300.5696895263 0.004328012466430664

22359.618940188735 245558.20342697584 0.000244140625
291179.0474491478 380242.18122735317 0.004319906234741211

27702.3803086528 246102.21572732794 0.0002465248107910156
291375.4275210301 380392.58467301197 0.004313945770263672

22700.915324927482 245589.51579359794 0.00024509429931640625
291199.9783698458 380258.20979138906 0.004325151443481445

24730.105454382974 245785.38774088142 0.00024318695068359375
291286.74052471126 380324.65594102565 0.00432133674621582

26461.892346914196 245965.66926655042 0.00024318695068359375
291369.2231068061 380387.83219891926 0.004323720932006836

26616.893731138654 245982.39315660886 0.00024271011352539062
291372.496214255 380390.3393374574 0.004340648651123047

25183.133628481915 245831.3831277313 0.00024700164794921875
291277.414521754 380317.5132986283 0.004411458969116211

25906.151718913818 245906.50135368377 0.00024628639221191406
291325.07174290833 380354.0142251379 0.004378080368041992

