6593836.388397262
154387.9344440978 0.10226869583129883

50481.364220113595 162431.53153083328 0.00045037269592285156
185053.80262261594 240999.0542865062 0.011153459548950195

46843.90164952576 161338.1090246649 0.0004515647888183594
184373.3802844075 240476.97947927448 0.010737180709838867

47139.48815890279 161424.17924765634 0.00045800209045410156
184325.75239271933 240440.46518223968 0.010729312896728516

51319.16296340715 162693.85602775725 0.0004520416259765625
185185.49422235362 241100.18990522678 0.010481119155883789

52859.68233084699 163186.33618664622 0.00044608116149902344
184661.15422209803 240697.6862800446 0.01044321060180664

51692.96757371 162812.15310439162 0.0004482269287109375
185102.56246653106 241036.4970986295 0.010438680648803711

48618.03349000375 161862.12491622407 0.0004477500915527344
184567.77312608904 240626.05257667738 0.010468006134033203

50639.564616189506 162480.76749720515 0.0004467964172363281
184743.69485820748 240761.01655326918 0.010439157485961914

50947.81324485069 162577.10163602055 0.0004456043243408203
185048.9877793613 240995.3571753624 0.010477304458618164

49718.947888236005 162196.20242481798 0.0004436969757080078
184261.96659168944 240391.56939072994 0.01045846939086914

48436.77218097591 161807.7723758369 0.0004456043243408203
184521.4615309388 240590.53195716094 0.010489225387573242

48935.76939157185 161957.8458361309 0.00046443939208984375
184411.52543236729 240506.22656018732 0.010762929916381836

50706.22072681996 162501.55421508563 0.00045013427734375
185031.45950646704 240981.89830153435 0.010514974594116211

53074.61176754991 163256.0832439767 0.00044727325439453125
185037.35259897393 240986.42318338482 0.010505914688110352

49981.380997314634 162276.8398395053 0.0004444122314453125
184761.44949047294 240774.64052462665 0.010487556457519531

50183.45820390108 162339.19360157935 0.00044345855712890625
184707.9917927781 240733.6215280613 0.01048421859741211

47259.815739064456 161459.35861890047 0.00044608116149902344
184526.81790416225 240594.64006445164 0.01049494743347168

50152.36455618584 162329.58440315674 0.0004420280456542969
184647.475621307 240687.19233736396 0.010519027709960938

47981.01877930684 161671.92850033092 0.0004451274871826172
184381.03362466433 240482.84733507544 0.01047825813293457

49018.89458624215 161982.98160110533 0.00044226646423339844
184360.64269717477 240467.21372702997 0.010535717010498047

