6489285.672670177
203901.02069562458
34108.05852150688 206734.09466469998
27664.60982950015 205769.18349872375
26710.69640965506 205643.10721103457
30078.884918292355 206107.65526457914
26846.993849522725 205660.85509758914
25422.14044330403 205479.71059314915
23653.414699583253 205268.38594309843
24138.705708931677 205324.87271153918
25771.456890747126 205523.22066130504
23850.96440743499 205291.24370976165
23055.8788885034 205200.38935646342
23877.03206572209 205294.27391181956
25252.15832364217 205458.74948689487
26382.390108798234 205600.72166361756
22979.965803246934 205191.87378898033
25515.768688318498 205491.3153699498
25656.21757548582 205508.80210104559
26263.125718761334 205585.45185209892
26517.25860478513 205618.07129877098
26291.05278789421 205589.021344568
