6257803.792135704
114776.41253974677 0.10250186920166016

50451.66489161047 125375.41770960319 0.00045108795166015625
153485.56532048743 191654.49026118533 0.011581897735595703

54228.87026357169 126942.48794469578 0.00045108795166015625
153767.71896159824 191880.52603165817 0.01057887077331543

52936.62773939285 126395.8521152096 0.00044989585876464844
153606.7773680677 191751.57607937095 0.010533332824707031

52354.75231848743 126153.25983052922 0.00045108795166015625
153312.42858214126 191515.8626152656 0.010509252548217773

50642.22567352401 125452.22156943593 0.0004475116729736328
153268.27600498294 191480.51938794254 0.010727405548095703

51460.98510348316 125784.96676213173 0.00044536590576171875
153513.83686538853 191677.13213791084 0.010568380355834961

50635.41226256149 125449.47130431871 0.0004417896270751953
153056.60430390888 191311.1313973985 0.010561466217041016

51005.02959687348 125599.11591917179 0.0004439353942871094
153222.74516851178 191444.07672347198 0.010628223419189453

51740.440978345934 125899.55563131653 0.0004444122314453125
153629.15333087876 191769.50129961045 0.01056361198425293

50762.139807715066 125500.67614715446 0.00044274330139160156
153249.01146951874 191465.09967066188 0.010599136352539062

54540.72786428498 127076.02398358937 0.0004456043243408203
154082.83769343965 192133.14588371516 0.010535240173339844

54157.389251427085 126911.96825382256 0.0004432201385498047
153579.66423918988 191729.8572035967 0.010753631591796875

49681.965870028725 125067.67211500922 0.0004470348358154297
153189.39693413416 191417.3874249222 0.010658740997314453

50660.12334883217 125459.44752471893 0.00044226646423339844
153477.90338983474 191648.35429623353 0.01067662239074707

50970.60643728891 125585.14082528996 0.00044083595275878906
153464.8060349438 191637.8656916653 0.01101541519165039

54753.63940073296 127167.55051166273 0.00044274330139160156
153983.41199010337 192053.41976560012 0.01064157485961914

49733.7962263393 125088.27028400256 0.00043773651123046875
153070.91998779846 191322.5847134991 0.010655879974365234

50948.417611251476 125576.1367959906 0.00046539306640625
153163.29258686377 191396.49702010455 0.010587453842163086

50787.2792790965 125510.84659147983 0.00043892860412597656
153554.6882964256 191709.85152916145 0.010618925094604492

50607.3901168547 125438.1632915744 0.00043964385986328125
153087.20455848819 191335.6137133423 0.010540485382080078

