6045403.797412311
240806.67758086906 0.07392621040344238

25832.543462919908 242188.30745791632 0.00024390220642089844
324442.761805722 404043.26705894567 0.004758358001708984

25485.813584818523 242151.56960390558 0.00024771690368652344
324373.3393637886 403987.52364098595 0.004327297210693359

23762.067684491 241976.2216173212 0.00024437904357910156
324391.6350099633 404002.21389489085 0.004374980926513672

25050.503171493623 242106.14134447783 0.000244140625
324427.83439857885 404031.28059607995 0.0043256282806396484

27304.24903745713 242349.701842318 0.0002429485321044922
324462.4560907436 404059.0815462436 0.004445791244506836

24128.918924819496 242012.52177527727 0.000255584716796875
324393.94346668245 404004.0674614887 0.004420757293701172

24852.58004018018 242085.74245954538 0.0002429485321044922
324416.3104188867 404022.0271635718 0.004328727722167969

24707.238150828634 242070.86479916092 0.000244140625
324375.3322159779 403989.1237617455 0.004320859909057617

29202.98621120403 242570.95945561482 0.00024318695068359375
324537.4980744957 404119.3432935429 0.004374027252197266

24545.716041220887 242054.43219150195 0.0002453327178955078
324424.5627799525 404028.65356621996 0.004329681396484375

25925.276890317356 242198.21623909954 0.00024437904357910156
324416.59393252776 404022.2548156571 0.004305362701416016

27676.45152784669 242391.91805162834 0.00024580955505371094
324554.2036268941 404132.7592010435 0.004318714141845703

26401.093309600645 242249.6103103307 0.00024199485778808594
324478.93285531667 404072.3126303981 0.004303455352783203

27249.573708226813 242343.54795376788 0.0002446174621582031
324568.5727099532 404144.29893112683 0.004342317581176758

26706.845898300664 242283.12278283812 0.00024509429931640625
324559.9898145337 404137.40603409585 0.0043108463287353516

25231.198306490536 242124.90441001084 0.0002465248107910156
324420.12532566814 404025.0904137769 0.004290103912353516

27483.863383400814 242370.00374230067 0.00024199485778808594
324531.528810491 404114.54955201026 0.004319429397583008

24807.77703990301 242081.14707513977 0.0002465248107910156
324390.39114164526 404001.21513752145 0.004301786422729492

24171.293188136933 242016.7502094584 0.0002429485321044922
324419.7480577589 404024.7874789747 0.00432276725769043

25658.616494603557 242169.81762387414 0.00024318695068359375
324420.51254791114 404025.40134178055 0.004304647445678711

