3015569.2144599846
140450.79465953013 0.07426190376281738

25144.989210508218 142683.90309664365 0.00025463104248046875
145245.43253555082 202046.1862865593 0.005169868469238281

28092.220236392473 143232.67280303506 0.0002460479736328125
145258.64023019685 202055.6811426477 0.0043294429779052734

23919.19685877236 142472.9928753761 0.00024509429931640625
144996.287915496 201867.15738269317 0.00437617301940918

25340.07324142842 142718.41167970636 0.0002446174621582031
145157.44255772082 201982.94197876047 0.004350423812866211

24416.23671616383 142557.28089395555 0.0002429485321044922
145082.9534020169 201929.41610461945 0.004286527633666992

25780.847375571982 142797.33124922623 0.0002498626708984375
145122.6585739217 201957.9455036599 0.004315614700317383

24688.84947024274 142604.22507298063 0.0002467632293701172
145280.71384548675 202071.55053583643 0.004381895065307617

25379.550825139853 142725.42632826732 0.000247955322265625
145199.49565102474 202013.16605065725 0.004380464553833008

24200.25499486334 142520.44787437434 0.00024437904357910156
145073.4108171619 201922.5600239426 0.0043065547943115234

26213.170422156887 142876.01626612592 0.00024437904357910156
145370.47074661453 202136.09149677257 0.004332780838012695

25300.39789600445 142711.3725468161 0.00025177001953125
145309.96186229712 202092.57961864484 0.00433039665222168

28304.331036132127 143274.425058694 0.000244140625
145357.49062006414 202126.75676382246 0.004311800003051758

26467.263877463858 142922.852538206 0.0002455711364746094
145266.45751897854 202061.3010959926 0.0043010711669921875

27160.472075736834 143052.84675209812 0.0002434253692626953
145156.7058416529 201982.4125296505 0.004297018051147461

24043.032321100334 142493.83538836704 0.0002455711364746094
144969.3601315374 201847.8166774187 0.004380226135253906

24289.43681465642 142535.61821969462 0.0002486705780029297
145094.6843703982 201937.84477667138 0.004316568374633789

26400.80732444624 142910.56065903654 0.0002448558807373047
145185.13472652508 202002.84420288922 0.004303693771362305

26783.20619770201 142981.69762151307 0.00024819374084472656
145398.47834245322 202156.23469187864 0.0043184757232666016

24744.487144584687 142613.86806529269 0.0002448558807373047
145164.7058330712 201988.16188108566 0.004312038421630859

25744.272263581133 142790.7324544512 0.00024509429931640625
145009.96285423468 201876.9799840529 0.0043027400970458984

