6481366.421309321
227646.10388270882 0.07377052307128906

27591.98852805049 229312.15938956183 0.0002493858337402344
299800.4333139209 376434.6535963334 0.0047626495361328125

25148.186211095453 229030.9583499135 0.0002486705780029297
299708.46063476085 376361.408740379 0.004350423812866211

27122.67445070084 229256.1625830983 0.0002448558807373047
299788.03522406146 376424.77957286447 0.004344463348388672

26481.740487950985 229181.2191089108 0.0002446174621582031
299820.6394275133 376450.7463662694 0.004290342330932617

25419.185503769873 229060.87314213676 0.0002446174621582031
299690.9830964458 376347.4909738393 0.004310131072998047

25231.43516152027 229040.11424478234 0.0002486705780029297
299688.6219427116 376345.61075548426 0.004306316375732422

25056.725158364698 229020.93373454307 0.00024580955505371094
299651.71078372945 376316.2186095514 0.004302978515625

24310.332265640758 228940.47450776602 0.00025010108947753906
299581.8279244034 376260.5749151948 0.004294872283935547

26263.784185116638 229156.13666826487 0.00024390220642089844
299808.2227200054 376440.85727178364 0.004308223724365234

22351.56134735887 228740.77228963937 0.00024628639221191406
299578.774600876 376258.1438379251 0.0042934417724609375

29294.16712104375 229523.19455842304 0.00024437904357910156
299890.80183052307 376506.6289397018 0.004313230514526367

24947.27264712929 229008.98459557985 0.00024628639221191406
299672.05189488374 376332.41595677455 0.004317760467529297

26351.04224809201 229166.15378485556 0.00024437904357910156
299748.8080282287 376393.539433554 0.0043904781341552734

25315.031442325002 229049.33841839308 0.00024580955505371094
299702.4340011092 376356.6095595326 0.004317045211791992

23971.833122644275 228904.77801091137 0.00024890899658203125
299664.464666693 376326.37430422334 0.004321098327636719

26506.018742233533 229184.0257141972 0.000244140625
299736.542491628 376383.7715919439 0.004313945770263672

26421.70796467761 229174.29014786158 0.0002429485321044922
299800.7820726367 376434.9313551861 0.004309177398681641

25788.73430705174 229102.1768341425 0.00024366378784179688
299761.0440111615 376403.2838853277 0.0043222904205322266

24125.424054022034 228920.9136334379 0.00024509429931640625
299599.8207919803 376274.9011448607 0.004316091537475586

24227.2164542256 228931.6636686595 0.00024771690368652344
299614.60045196617 376286.6691991512 0.004334926605224609

