5648038.833512163
233024.08395101153 0.0740811824798584

23485.866549158964 234204.63195414937 0.0002460479736328125
245894.3293682785 338768.718917052 0.0051670074462890625

25070.590963674073 234368.85081532376 0.0002467632293701172
245906.74226137585 338777.7288884625 0.004361152648925781

27309.143692860558 234618.86759266802 0.00024437904357910156
246146.5196011488 338951.8148837452 0.004323720932006836

26741.703145050087 234553.4957921795 0.0002486705780029297
246036.39783470132 338871.85300746094 0.004328250885009766

25766.32182415831 234444.29411177128 0.00024318695068359375
245937.99522439294 338800.4149882489 0.00433039665222168

27478.70427620447 234638.664524672 0.00024771690368652344
245928.98209892111 338793.87234339933 0.004328489303588867

26150.900929337597 234486.87238443142 0.0002434253692626953
246104.82803876785 338921.53971857706 0.004327297210693359

26400.300253596648 234514.81734569566 0.0002472400665283203
246110.96295063617 338925.9945558895 0.004326820373535156

25566.749281220116 234422.4442540221 0.00024247169494628906
245993.51921793053 338840.72246182384 0.004367351531982422

25755.382936830367 234443.092138473 0.0002448558807373047
246026.55281308232 338864.7051410243 0.004347085952758789

26107.319547889703 234482.0160165755 0.00024819374084472656
246037.2068379183 338872.4403810617 0.0043392181396484375

24396.71674941225 234297.72403799332 0.00024437904357910156
245972.08708749022 338825.1633621663 0.004349231719970703

28521.455605049552 234763.06594319857 0.00024437904357910156
246156.3735807633 338958.970903065 0.004315853118896484

26496.508971742842 234525.66744157922 0.0002446174621582031
246038.57306472238 338873.43232682464 0.004323005676269531

29070.13424941077 234830.3566545364 0.0002422332763671875
246247.00959152108 339024.79766824417 0.0043447017669677734

23077.719019898508 234164.05534665158 0.0002486705780029297
245766.920825335 338676.251120732 0.004328012466430664

25801.07779689494 234448.11647081864 0.00024509429931640625
246063.38110839625 338891.4446009408 0.004347085952758789

24846.48065798339 234344.9835227988 0.00024318695068359375
245962.03159471304 338817.8635896106 0.0043354034423828125

26996.23520408397 234582.65156747613 0.0002460479736328125
246096.5799328347 338915.55047807406 0.004378080368041992

24863.724345005277 234346.81241599759 0.0002493858337402344
245949.42326289797 338808.710786149 0.004454612731933594

