8648250.361980509
299212.90032117476 0.10203957557678223

49687.952607481195 303310.48836624366 0.0004553794860839844
397503.6462812617 497531.4146116753 0.013158559799194336

52102.65436003393 303715.40347837156 0.000461578369140625
397663.56019124965 497659.1874190994 0.011794567108154297

50002.63538881013 303362.1981467246 0.0004608631134033203
397672.19152151514 497666.0844664235 0.011107683181762695

52509.677944383875 303785.4933936831 0.0004711151123046875
397558.31843633915 497575.0961177575 0.01156306266784668

50584.1296751238 303458.58678512176 0.0004558563232421875
397629.5127141211 497631.98158865987 0.011560678482055664

48373.435714915766 303097.91982383176 0.0004532337188720703
397427.98221277003 497470.96474504087 0.011008739471435547

49212.04563164039 303232.88930104993 0.0004582405090332031
397422.68317455635 497466.7313703567 0.011009931564331055

51747.26278522788 303654.6375809854 0.000446319580078125
397432.46553001204 497474.54646029795 0.011552572250366211

53918.80698357227 304032.2309643244 0.00045800209045410156
397579.38161311956 497591.925580098 0.010969400405883789

51970.44039450062 303692.7499849824 0.00045990943908691406
397434.61401316634 497476.2628854011 0.010998010635375977

49669.59141710989 303307.4809993769 0.00046443939208984375
397474.09094312444 497507.8016370471 0.011956930160522461

47268.79615629323 302923.5857583802 0.00047707557678222656
397348.76091111393 497407.6773797001 0.011493921279907227

52576.02539782831 303796.968657177 0.00046062469482421875
397580.42786225886 497592.76154082513 0.0109405517578125

50555.69116843233 303453.8476080802 0.0004520416259765625
397583.0173012536 497594.8305248229 0.010962247848510742

49884.0236508078 303342.67015081126 0.00045108795166015625
397504.43208041874 497532.04242761317 0.011143922805786133

50398.94603597515 303427.7730863713 0.00046181678771972656
397568.8939202698 497583.54588109866 0.010854482650756836

51718.58723636775 303649.7521559749 0.00044918060302734375
397576.9662667114 497589.99570378836 0.010843038558959961

47661.917769993604 302985.17806022486 0.00044918060302734375
397302.3455295039 497370.5997361264 0.010942459106445312

49070.490515441175 303209.9483164489 0.00044727325439453125
397513.32012260094 497539.14357919374 0.010795116424560547

47352.72612341804 302936.6937001893 0.0004482269287109375
397390.13846146665 497440.73201245716 0.010856389999389648

