7064324.465417819
198828.60205097854 0.10240340232849121

50079.72927133719 205038.51413185906 0.00044345855712890625
243510.67058144775 314372.80365917494 0.011415243148803711

49017.44040726804 204781.6458024131 0.00045490264892578125
243440.05075476065 314318.1052770376 0.010496854782104492

47618.23503750089 204451.23942289394 0.000446319580078125
243342.07249269364 314242.2270137992 0.010509490966796875

50569.48970726847 205158.68561380732 0.00044918060302734375
243179.37188940166 314116.25221574 0.010426044464111328

53016.08188225011 205775.40652776422 0.0004496574401855469
243554.04327121374 314406.40099594934 0.010512113571166992

54084.361489986455 206053.22407401196 0.00045228004455566406
243938.68532059694 314704.456894829 0.010535478591918945

50003.72268113072 205019.96311455345 0.0004451274871826172
243372.26026995823 314265.60432602913 0.010526657104492188

48622.67274791162 204687.51134027075 0.0004496574401855469
243256.91626227152 314176.28857524856 0.01042318344116211

51357.197760628565 205354.26646491027 0.00046944618225097656
243269.8760592382 314186.3230494884 0.010537385940551758

50462.45097347307 205132.32790498284 0.0004496574401855469
243495.63358683672 314361.15626674396 0.010476827621459961

51040.10871490154 205275.19502142808 0.0004444122314453125
243620.1833919368 314457.6390380926 0.010460138320922852

49325.1230847233 204855.5119121605 0.00044465065002441406
243169.58339726823 314108.6743200636 0.010755538940429688

49883.349081942346 204990.63761338682 0.0004482269287109375
243463.9237608063 314336.5953345391 0.010477066040039062

50777.27754876494 205210.00197053494 0.0004494190216064453
243540.17773965703 314395.6602228305 0.01043844223022461

49798.71341702485 204970.05842685635 0.00044417381286621094
243379.2824082079 314271.04241249594 0.010473251342773438

47835.23263656157 204501.8886830373 0.0004439353942871094
243231.4894247339 314156.60177897697 0.010520458221435547

52887.60176236724 205742.34229649667 0.00044536590576171875
243683.72611841158 314506.8701450693 0.010430574417114258

51876.00686622958 205484.62979469233 0.0004425048828125
243893.02878120623 314669.0681994882 0.010508298873901367

51917.158540008444 205495.0226754003 0.0004429817199707031
243352.49666922085 314250.29932945245 0.010494470596313477

49180.85113758043 204820.82196911017 0.00044798851013183594
243339.5648355024 314240.2851447559 0.010466575622558594

