1224933.414016228
85017.55369213286 0.019163846969604492

12779.150339866788 85972.61842705384 0.0001380443572998047
95447.08915424679 127820.69966876856 0.003617525100708008

13417.186197932015 86069.77007791057 0.0001513957977294922
95667.18188007113 127985.13243603712 0.0033893585205078125

12591.956738766221 85944.99293330235 0.0001513957977294922
95490.37105986352 127853.02265079964 0.00330352783203125

15097.120252798513 86347.59681498026 0.00014925003051757812
95574.44003195313 127915.82397505014 0.003335237503051758

14298.749610532055 86211.59247003679 0.00014472007751464844
95629.33767933308 127956.84686949474 0.0034182071685791016

14349.93074243534 86220.09596438517 0.00015616416931152344
95600.49063027053 127935.28928542031 0.0034220218658447266

12404.453701633982 85917.72173091488 0.0001506805419921875
95457.0192270123 127828.11488675237 0.0032083988189697266

12606.365210790804 85947.10512648307 0.00014281272888183594
95383.62179184965 127773.31388801617 0.003173828125

12945.86310813534 85997.55698512455 0.00014090538024902344
95475.05106864659 127841.58092090389 0.003196239471435547

11388.339713499097 85776.91249529121 0.00014328956604003906
95420.21261249817 127800.63149612902 0.003192424774169922

12081.4023761832 85871.67588425211 0.000141143798828125
95560.37983164939 127905.31900340854 0.003198385238647461

13796.450625411395 86129.70733523926 0.000141143798828125
95461.85552693263 127831.72648618786 0.0031995773315429688

11973.151823278511 85856.51285941406 0.0001423358917236328
95467.74839881582 127836.12721032563 0.0031909942626953125

13990.259461348576 86160.96445369307 0.0001418590545654297
95656.99591508562 127977.51874174518 0.003166675567626953

12253.736518245529 85896.09126411783 0.0001423358917236328
95468.137539316 127836.4178198869 0.0032231807708740234

13518.72588222938 86085.65725644493 0.00014162063598632812
95639.78585043477 127964.65556282256 0.0032074451446533203

15297.110274448449 86382.78774468953 0.00014162063598632812
95758.69813745537 128053.55404976169 0.0031816959381103516

13915.944269801092 86148.92884252878 0.00014090538024902344
95543.95737548504 127893.0499548862 0.003183603286743164

13539.672978576724 86088.94923369467 0.00014066696166992188
95601.46048823655 127936.01401981487 0.0032150745391845703

13223.124497256067 86039.73185257969 0.00014209747314453125
95514.89443007023 127871.33961049377 0.0031943321228027344

