12216.847338970452
513.4863798562365 0.21138596534729004

863.4627314880429 1004.6074611342276 0.0024046897888183594

796.786938230148 947.9122782367157 0.0022389888763427734

865.9441364423244 1006.7410340980254 0.0022690296173095703

853.250511904374 995.843711815738 0.0022640228271484375

846.6806988404691 990.2204138912168 0.0022630691528320312

887.8066671588114 1025.6066207614251 0.002256631851196289

864.2719325037431 1005.3030566011383 0.002263307571411133

814.5614225944755 962.9011234165658 0.0022606849670410156

856.3415326980926 998.4934065488548 0.0022542476654052734

838.4643033706684 983.2042770069703 0.002248048782348633

817.5266287993273 965.4108198553714 0.0022630691528320312

838.2593194162932 983.0294750850716 0.0022575855255126953

783.4000865579648 936.6877590301164 0.0022597312927246094

846.9101736307613 990.4166317753145 0.0022537708282470703

848.7501286973749 991.9904451463393 0.0022449493408203125

781.7202188858125 935.2832527703632 0.0022552013397216797

813.795761786374 962.2535030849809 0.002260923385620117

832.810041797356 978.3868498790617 0.0022745132446289062

818.0663577433392 965.867914349201 0.002267599105834961

797.665243601577 948.6506749840624 0.0022389888763427734

