6913.044707220071
449.6101781685531 0.21201777458190918

856.2054143918245 967.0765346892812 0.002498626708984375

800.3886368067797 918.0257524940014 0.0022623538970947266

858.4047714901802 969.0242845408441 0.002246379852294922

834.7330839337151 948.1184703011897 0.0022499561309814453

782.8405315257528 902.7671959659945 0.002254962921142578

880.4719513136694 988.6253938488911 0.0022466182708740234

870.5077831522395 979.7617633085091 0.002231597900390625

808.5948012394379 925.1890968359871 0.0022284984588623047

828.5952344256377 942.7191388879519 0.0022287368774414062

853.1904567229603 964.4082474532861 0.0022368431091308594

867.6272863769357 977.2033669500779 0.0022382736206054688

813.6267017055421 929.5900828004839 0.002240419387817383

823.5723259048256 938.3073527949298 0.002228260040283203

843.3230062703926 955.6898059609647 0.0022492408752441406

821.6275295137564 936.600827229848 0.0022382736206054688

818.0652677093374 933.4774204795394 0.002231597900390625

820.716476906557 935.801713921647 0.0022537708282470703

780.3424711782649 900.6018457883346 0.0022335052490234375

817.3667343629957 932.8653122267837 0.002230405807495117

803.9387664646014 921.1226045089825 0.002220630645751953

