4734.835359631051
409.21832683348947 0.2115955352783203

869.1451988412092 960.6628001984402 0.0024509429931640625

798.8078383406485 897.5263793398243 0.002300262451171875

826.7760720419257 922.5065378182753 0.00225830078125

851.5865790769574 944.8065096517831 0.002269268035888672

816.7034932513421 913.4901394680464 0.0022552013397216797

879.5697009512983 970.1043747184871 0.002259969711303711

862.6957068871515 954.8316719180989 0.002262592315673828

806.3570601970687 904.2518164460906 0.002272367477416992

838.8273736170481 933.3225603968134 0.002254962921142578

753.1974104610987 857.1849147889192 0.0022678375244140625

809.9829610373533 907.4866589582649 0.002241849899291992

863.3238606350315 955.3992502394854 0.002248525619506836

816.0289042574857 912.8870749441336 0.0022478103637695312

860.2163004608632 952.5921071450034 0.002252817153930664

861.9000716413237 954.1128719977075 0.0022547245025634766

860.2537271235013 952.6259045639416 0.002240419387817383

854.7642262925943 947.671631719534 0.002259492874145508

821.0644974872929 917.3911641445216 0.002252817153930664

837.4537472774391 932.0882028249307 0.002254009246826172

845.0911120845348 938.9561367500906 0.0022602081298828125

