2972.7068796893795
241.2559171562753 0.21282553672790527

776.5783801805766 813.1902594883979 0.0024178028106689453

829.6039434441309 863.971712812967 0.0022919178009033203

836.560359290472 870.653577664 0.002264261245727539

821.6754140268054 856.3614327951954 0.0022466182708740234

776.6927470984284 813.2994780265258 0.002274036407470703

862.7227689851642 895.8208491034064 0.002246379852294922

864.2672125493053 897.308326190425 0.002245664596557617

858.5137702564167 891.768081556412 0.002254962921142578

871.6126466461235 904.3854395977279 0.002249002456665039

860.4668171375685 893.6484549070597 0.0022323131561279297

800.377930220343 835.9481136689769 0.0022649765014648438

795.1087217431194 830.9045053162828 0.002238750457763672

830.2111033050959 864.5547371994351 0.002240896224975586

852.941204698823 886.4046007529518 0.002234220504760742

814.6955124962601 849.6665202563065 0.00225067138671875

845.1675542378067 878.9269664194151 0.0022547245025634766

820.0881427467688 854.8385692262393 0.002239704132080078

857.1773354818938 890.4815562529944 0.002232074737548828

880.1163682652501 912.5838258764688 0.002255678176879883

883.6045484469815 915.9483695051324 0.002243518829345703

