4016.6590776030416
246.3968243789938 0.21349215507507324

835.6604349731382 871.2288778751187 0.0024199485778808594

795.9357898494977 833.2017622565322 0.002286672592163086

874.868521660594 908.9039142047105 0.002254486083984375

845.4712708897046 880.6435515938822 0.0022389888763427734

804.2796383718478 841.1760408877465 0.0022552013397216797

822.3373500842083 858.4579852314081 0.002245664596557617

867.1079636340525 901.4364179805682 0.002255678176879883

806.7903724221862 843.5769675004043 0.0022406578063964844

808.1186791115936 844.8474386497927 0.002258777618408203

830.2535880702841 866.0441187189197 0.002244234085083008

848.9310541022934 883.9656835439207 0.002244710922241211

878.7287532940185 912.6201931415434 0.002245664596557617

795.0769165333766 832.3813418549663 0.0022461414337158203

797.3206127088723 834.5247476944595 0.002230405807495117

811.3539411061129 847.9425763649742 0.002244234085083008

810.8471793008983 847.4576940734449 0.0022580623626708984

856.0151642046 890.7712144048331 0.0022590160369873047

901.1048694156095 934.184875037358 0.0022497177124023438

852.2109772545637 887.116083056341 0.002254009246826172

883.6234954831314 917.334114068514 0.002264738082885742

