2291.0022246251324
141.49354420892814 0.21236968040466309

803.7870526109753 816.1458503220126 0.002629995346069336

830.4362895486082 842.4042106091721 0.002263307571411133

872.2994712050676 883.7006226757125 0.0022749900817871094

849.2304707113946 860.9371727585577 0.0022487640380859375

850.550537438286 862.2393170050614 0.0022623538970947266

759.7004671295791 772.7646619830007 0.0022335052490234375

887.7811221555927 898.9859531208728 0.0022563934326171875

792.4113083934959 804.9447836483519 0.002256155014038086

897.7588651527938 908.8406917679423 0.0022597312927246094

841.293752677551 853.1093724412332 0.002264738082885742

821.177254813752 833.2781689665521 0.0022673606872558594

830.8780148599591 842.8396636552116 0.002254962921142578

845.2895264904399 857.050060759132 0.002264261245727539

808.005503961999 820.3007481928114 0.0022461414337158203

814.6034038422175 826.8005373753256 0.002239227294921875

873.8236280754035 885.2051491240107 0.0022416114807128906

768.8023021396368 781.7143997829417 0.002252817153930664

824.1984122544676 836.2556103342965 0.0022509098052978516

801.6772383531818 814.0680669000509 0.0022635459899902344

892.578202938017 903.7235591777281 0.0022614002227783203

