9588.486304360338
332.49833861492624 0.21149849891662598

818.5745511759955 883.5267064524585 0.002463102340698242

811.4467692700451 876.9270234976804 0.002308368682861328

851.1721134322926 913.8102165474496 0.0022568702697753906

855.7472859033448 918.0732882034256 0.0022611618041992188

797.0658079365174 863.6371039755097 0.0022521018981933594

818.9299788410583 883.856015098819 0.0022389888763427734

845.550964336463 908.5766772661506 0.002242565155029297

860.8860368550851 922.865057109569 0.002240896224975586

841.0347253420296 904.3752287700623 0.0022695064544677734

822.5294935425509 887.1921510750142 0.0022325515747070312

874.9618842955963 936.0093184107941 0.0022325515747070312

771.8683399684363 840.43790932312 0.0022406578063964844

835.1954901392301 898.9475245700464 0.002246856689453125

820.3413884299872 885.1639050215259 0.002253293991088867

828.4388735511666 892.6735754980402 0.002232789993286133

836.4493704195602 900.1126009877975 0.002246379852294922

855.5312634484309 917.8719343783249 0.0022296905517578125

822.8970165825381 887.5328980281181 0.0022330284118652344

841.7520114866029 905.042316150726 0.002244710922241211

836.0569243964077 899.7479235946839 0.0022330284118652344

