3190.8431086594637
189.209665943311 0.21204805374145508

844.6091746044096 865.543156354622 0.002439260482788086

839.6925344513955 860.7461008333318 0.0022611618041992188

843.5186229854614 864.4790136317202 0.002251863479614258

816.2005606953322 837.8446472740363 0.0022449493408203125

808.8306701818778 830.6668108894527 0.0022394657135009766

763.2886245111168 786.3903750647329 0.0022275447845458984

836.3108729722037 857.4474759061975 0.0022339820861816406

813.7322782895048 835.4403140958733 0.0022246837615966797

886.896718257602 906.855052664143 0.002264738082885742

849.225370310405 870.0482901915427 0.002234220504760742

849.8140949242454 870.6229342363424 0.0022325515747070312

823.367763236361 844.8282495414268 0.0022525787353515625

857.2771995941567 877.9091608078692 0.0022280216217041016

839.3393318197257 860.4015409249137 0.0022513866424560547

822.9508146263223 844.4218975017811 0.002245664596557617

806.3908675874834 828.2913310030956 0.002248048782348633

864.1898853130748 884.6606442946405 0.0022430419921875

847.4469754096128 868.3125438557714 0.0022368431091308594

872.0868460825009 892.3764703288135 0.002245187759399414

824.3318295589391 845.7678540299141 0.002257823944091797

