6518.332907247208
539.4662888726493 0.21200776100158691

857.3261332579046 1012.9323647692269 0.0023992061614990234

859.1134620854938 1014.4455715150768 0.0022482872009277344

807.5112154110371 971.1324522662422 0.0022547245025634766

866.1810701113784 1020.4379074933124 0.002241373062133789

856.9808248824365 1012.6401192162043 0.002222299575805664

850.3298871009063 1007.0177722995141 0.0022504329681396484

850.292038384074 1006.9858128937913 0.0022385120391845703

883.3151085144286 1035.0214769558563 0.0022275447845458984

851.6812314971319 1008.1591128956173 0.0022504329681396484

859.16702662999 1014.4909346456716 0.0022516250610351562

811.6075052061317 974.541235318927 0.0022554397583007812

781.1840125434592 949.353642371228 0.0022497177124023438

823.9076450305978 984.8084505983408 0.002218008041381836

831.0899115115654 990.8250692460006 0.0022628307342529297

881.0711440120956 1033.107079465053 0.0023055076599121094

824.5901353516033 985.3795046322032 0.0022466182708740234

842.9691290411196 1000.8100865530756 0.0022406578063964844

826.6494206657541 987.1034097383293 0.0022454261779785156

812.9911011937276 975.6938082463274 0.002256631851196289

790.7225883127649 957.2178897712341 0.0022330284118652344

