6282.161472686119
281.78282886320795 0.21132779121398926

856.2893991540722 901.4616451883986 0.0024678707122802734

907.4311082505453 950.1751306274876 0.002273082733154297

835.1983751595045 881.4521476014505 0.002274036407470703

821.4171708546696 868.4052805096401 0.002286195755004883

872.7839309107495 917.144128639638 0.002260923385620117

832.4141513368677 878.8144752950018 0.002251148223876953

874.2052183688832 918.496775424683 0.0022416114807128906

815.8910708053565 863.180051937048 0.0022423267364501953

905.6456514336091 948.470141123457 0.0022623538970947266

842.0999607953912 887.9943167688355 0.0022554397583007812

909.310935085086 951.9705559036237 0.002259492874145508

815.0506152446627 862.3856840491179 0.0022628307342529297

818.2714142441519 865.4303380464976 0.00225830078125

780.0113625540216 829.348713362181 0.0022487640380859375

811.5097207422847 859.0399231126354 0.002263784408569336

830.2502936951919 876.7651411997967 0.002261638641357422

812.0112353542718 859.5137049423521 0.00226593017578125

789.275783172445 838.0679116543133 0.0022535324096679688

871.8160068353571 916.2230691357266 0.00225830078125

857.9291146843872 903.0193400283795 0.0022356510162353516

