5035.91202285311
414.8595720842761 0.21130824089050293

869.3448032103926 963.259493292891 0.002452373504638672

812.0445615992647 911.879835599462 0.002283334732055664

831.8609320251835 929.5703710746013 0.002285480499267578

870.863603893452 964.6304375957832 0.0022554397583007812

847.6655324842619 943.7400698877819 0.0022652149200439453

869.0220769996778 962.9682418765333 0.002263307571411133

840.3913082120121 937.2118306275553 0.002262592315673828

827.3633995562147 925.5477618552034 0.0022568702697753906

833.834334139052 931.3367604358162 0.002239227294921875

820.5643592387271 919.4750307663743 0.002257108688354492

782.812608870677 885.9481052278751 0.002255678176879883

824.4789545996089 922.9702113977594 0.002264738082885742

832.3859760713997 930.0402559622373 0.002265453338623047

843.5120365675448 940.0111809889759 0.002246379852294922

794.52500698082 896.3138129404463 0.0022592544555664062

822.3232392310007 921.0450446798534 0.0022559165954589844

839.2014665668362 936.1450560879366 0.002271890640258789

814.668297985705 914.2170969156499 0.0022552013397216797

822.515157906449 921.2163966928861 0.0022516250610351562

803.3352802973924 904.1327541464482 0.0022630691528320312

