3206.9207198237477
144.5484374977595 0.21098661422729492

814.3555590686167 827.0847764098942 0.0024292469024658203

810.5586926021717 823.3466128769772 0.0022830963134765625

812.4053179651676 825.1646208127966 0.0022737979888916016

834.4035319120395 846.8314500833874 0.0022439956665039062

866.2276874826033 878.205361714731 0.0022394657135009766

799.0148957593933 811.9846392810872 0.002238750457763672

825.3181414250264 837.8808300398732 0.0022323131561279297

882.7900285729457 894.5459660245904 0.0022344589233398438

846.481225261351 858.7343684184345 0.002240896224975586

834.636141344157 847.0606467195295 0.0022323131561279297

887.2357508178585 898.9335505544183 0.002234220504760742

799.5642748553777 812.52524908956 0.0022563934326171875

848.9658563452534 861.1836482557445 0.0022618770599365234

837.4244644548231 849.8082045088122 0.00225830078125

800.5636428222437 813.5086950929693 0.0022389888763427734

840.8522194179308 853.1862080947586 0.0022699832916259766

876.4025161961366 888.24299669514 0.0022716522216796875

803.0167940164163 815.9229266636956 0.0022535324096679688

871.3583138579426 883.2664161578916 0.0022542476654052734

806.4483110098879 819.300390036368 0.002254962921142578

