5965.457864220077
430.31046933702993 0.21192216873168945

836.4501608846992 940.6465710696501 0.0024662017822265625

855.7308255677999 957.8321073382275 0.002315998077392578

859.227067440791 960.9569467171449 0.0022644996643066406

848.529270399998 951.4037117578451 0.002254009246826172

815.3884279544253 921.9682144537506 0.0022618770599365234

825.6298741569348 931.0380170118979 0.0022525787353515625

914.1309948987904 1010.3477499632061 0.0022623538970947266

844.6831877421383 947.9750986578027 0.0022668838500976562

808.3589969578602 915.7572647725825 0.002261638641357422

826.7720875677373 932.0510634091686 0.0022521018981933594

879.5069215302386 979.1320263583781 0.002255678176879883

849.8294345372626 952.5634718101309 0.002245664596557617

802.8076700323929 910.8607221106279 0.0022668838500976562

858.3871508381332 960.206019948355 0.00226593017578125

837.4246239099506 941.5131973327644 0.002253293991088867

846.7865010881827 949.8497136106407 0.002233743667602539

827.8713594160241 933.0263060398518 0.0022537708282470703

841.8419104322085 945.4442882482244 0.0022597312927246094

801.6380363105086 909.8300068039154 0.002247333526611328

815.4355882278196 922.0099232489284 0.002248525619506836

