4078.376050791531
237.61859700697545 0.21202349662780762

859.4373795685995 891.6811128667583 0.0024259090423583984

854.5744798662043 886.99500521827 0.002260446548461914

841.2091089028881 874.1254844384492 0.0022394657135009766

881.3349320749173 912.805488666156 0.0022363662719726562

839.6789884055818 872.6530818219708 0.002253293991088867

772.4940767199653 808.2138926119703 0.0022466182708740234

861.6517332307985 893.8155889349888 0.0022399425506591797

921.5253294055844 951.6677626039645 0.00225067138671875

806.9776089952394 841.2344851842637 0.0022301673889160156

840.7932535682054 873.7252960109179 0.0022420883178710938

849.5383274065094 882.1439606868119 0.002229928970336914

864.7438656033884 896.796828017501 0.002243518829345703

830.9762252851815 864.2824102298817 0.0022306442260742188

824.8590073972508 858.4025743949853 0.002237081527709961

827.664455955103 861.0987453800043 0.002227306365966797

828.5730456115217 861.9720932591198 0.0022361278533935547

802.0716000317226 836.5294072661235 0.002240896224975586

857.1120722221722 889.440105905141 0.0022335052490234375

853.9140253749325 886.3587086363972 0.0022437572479248047

866.3013229262491 898.2987140964508 0.002230405807495117

