7034.941532901172
307.1835276051916 0.21187257766723633

848.3829987961989 902.2834545077488 0.0024445056915283203

866.9339891854115 919.7479335322627 0.002271890640258789

873.6714576867438 926.1012555916514 0.0022971630096435547

824.877798050062 880.2187803881029 0.0022590160369873047

837.9348317984651 892.4665270883291 0.0022649765014648438

818.5756827155943 874.3156569370472 0.0022716522216796875

864.6306817952874 917.57720957626 0.0022652149200439453

838.616348419074 893.1064323291649 0.002260923385620117

871.4887775947183 924.0424281955355 0.002265453338623047

799.0619560004569 856.0734367793837 0.0022597312927246094

845.8987019788308 899.9479616296808 0.0022525787353515625

834.9698557369924 889.6833029912608 0.002233743667602539

876.6521730744173 928.9137485192362 0.0022547245025634766

843.8327740570268 898.006386505545 0.0022482872009277344

828.0711765833029 883.2120884136722 0.00225067138671875

823.6714120229318 879.0883428961159 0.0022437572479248047

767.4320767186722 826.6279163013471 0.002268075942993164

825.97415234148 881.2462879173976 0.002249002456665039

815.6241409652745 871.5529008369587 0.0022459030151367188

790.394865989316 847.989247463797 0.0022444725036621094

