4422.322803131591
317.25099631183394 0.21181964874267578

847.9332909964508 905.3391964567468 0.0024538040161132812

862.8466653478412 919.321794891625 0.0022459030151367188

779.6471269391849 841.7231357194453 0.0022623538970947266

866.7694871461828 923.0046253993123 0.0022487640380859375

829.8687915812785 888.4426857718151 0.0022618770599365234

831.6166554948339 890.0755340740857 0.002243518829345703

876.4967243361864 932.1452153140783 0.0022504329681396484

850.9457244692785 908.1612305386124 0.002249002456665039

826.4487793512387 885.2489929686507 0.0022602081298828125

772.6868957207219 835.2803322713838 0.0022602081298828125

816.1999043060148 875.6885738948583 0.0022764205932617188

824.0672445876589 883.0260575221774 0.002257823944091797

837.9440413587267 895.9901847171403 0.0022513866424560547

833.907810371873 892.2165829326838 0.0022614002227783203

834.2537136182456 892.5398889386947 0.002232074737548828

825.2099004798924 884.0925146786943 0.0022487640380859375

805.1337204137786 865.3834424162482 0.0022602081298828125

826.3769574229337 885.1819419873248 0.002242565155029297

819.8322742277371 879.0751688714003 0.0022466182708740234

848.8478336609357 906.1958063088344 0.002249002456665039

