4790.211219721007
294.6208290493019 0.21079182624816895

855.6450863716774 904.9474828638791 0.002461671829223633

831.5095328965582 882.1618537476769 0.0022766590118408203

821.8989324800336 873.1089783764103 0.0022580623626708984

829.205723876182 879.9906621201776 0.002263784408569336

859.256342866914 908.3627555479729 0.0022628307342529297

792.8423529162874 845.8134720418644 0.0022614002227783203

818.2276119755587 869.6538724739315 0.0022630691528320312

850.4018003306828 899.991474912586 0.002265453338623047

813.043403872914 864.7780116833077 0.0022542476654052734

898.5110755172273 945.5810836394759 0.0022673606872558594

871.7079376716455 920.1500755362915 0.002258777618408203

819.7607729289676 871.0965260766372 0.0022668838500976562

861.396341819586 910.3873299919338 0.0022666454315185547

842.435419715607 892.4678533712522 0.002269268035888672

863.1681758332531 912.0639959350345 0.002247333526611328

849.958624081667 899.5727294446385 0.002252817153930664

852.0530836331442 901.5519342990937 0.002257108688354492

819.7464897179406 871.0830846219962 0.0022470951080322266

868.648517283193 917.2522441989275 0.002253293991088867

783.7699754610416 837.3152377353933 0.0022602081298828125

