3678.3347652440007
366.02425821957297 0.23363828659057617

823.508743642671 901.1883312943615 0.002466440200805664

846.6851196489397 922.4150093315503 0.0022852420806884766

795.0844847360321 875.2902921163598 0.0022640228271484375

833.19641741277 910.0494643670003 0.0022597312927246094

832.091806600983 909.0382457397906 0.002234935760498047

774.1877795972309 856.3530088012109 0.002257108688354492

899.5625030179667 971.1778696207681 0.002249002456665039

833.8724707527682 910.6684660646358 0.002264261245727539

823.168148547356 900.8771050415688 0.0022401809692382812

794.5234605195112 874.7807079040332 0.002249002456665039

825.5124042851779 903.0196494173783 0.0022373199462890625

835.4790751286407 912.1398152602447 0.0022335052490234375

835.6508166519237 912.2971253797818 0.0022280216217041016

833.2115963103663 910.0633614376875 0.002234220504760742

814.0329513653687 892.5376202232571 0.0022292137145996094

839.8532676119323 916.1480604812868 0.0022459030151367188

832.4003435191416 909.320674732502 0.0022363662719726562

845.4347338272222 921.267413277325 0.0022296905517578125

823.1350470802402 900.8468589815777 0.002228975296020508

876.3427571481598 949.7106852148344 0.00225830078125

