4134.041635504658
280.51828844718915 0.21117663383483887

789.8862367468012 838.2188122175363 0.0024785995483398438

827.6660784686413 873.9116932511008 0.002274036407470703

813.4624641792365 860.4717838383235 0.0022394657135009766

827.8685797205807 874.1034809688832 0.0022432804107666016

824.5713991068848 870.981344449138 0.0022389888763427734

835.9349516551845 881.7469895339054 0.002239704132080078

828.6616772548874 874.8546653611819 0.002233743667602539

806.9638805325845 854.3308578282491 0.0022211074829101562

886.6752918427254 929.9911737848554 0.0022346973419189453

816.0692326314173 862.936557691802 0.002235889434814453

843.5796264347198 888.9978044343429 0.0022377967834472656

866.6052687303122 910.8760628891754 0.002230405807495117

793.6475459840391 841.7641815852187 0.0022203922271728516

815.3061739767959 862.214977530563 0.00223541259765625

829.5664417293121 875.7117056410631 0.002237081527709961

809.6858885508432 856.9024146725928 0.0022280216217041016

835.6776721373382 881.5030810282108 0.0022246837615966797

846.2259834500775 891.5093522893616 0.0022313594818115234

844.597706020117 889.9639291385895 0.0022361278533935547

830.7009976197783 876.7865519040757 0.002245187759399414

