4928.9278852899315
375.03745917903973 0.21174144744873047

801.4175781286347 884.8294922305831 0.0024423599243164062

838.4661374542171 918.5197654078296 0.0022859573364257812

837.2939063577513 917.4498250102253 0.0022590160369873047

827.5694228632499 908.5836480179815 0.0022568702697753906

847.5533528125579 926.8224110644239 0.0022552013397216797

812.1944815005048 894.6021303167876 0.0022623538970947266

809.9973747794229 892.6078886818234 0.0022535324096679688

879.1445108051756 955.797136774499 0.0022504329681396484

863.4135268029703 941.34797713376 0.0022623538970947266

855.4886874515596 934.0845733364049 0.0022859573364257812

778.9775255724034 864.5571589746748 0.002252340316772461

850.7693368275626 929.7642498361977 0.0022394657135009766

817.4829817786183 899.4062048291172 0.002263784408569336

821.9063483440707 903.4285479415338 0.0022678375244140625

829.1164284814263 909.9929383051541 0.0022628307342529297

850.1195436198784 929.1697015249317 0.0022487640380859375

822.8950516987526 904.3281273397173 0.0022628307342529297

882.7806404686092 959.1427187721521 0.002248048782348633

810.1058839678432 892.7063565511282 0.0022568702697753906

863.3374953080903 941.2782407940329 0.0022516250610351562

