4935332.692125503
155839.64622627888
34463.82970088932 159604.98392459107
27810.518472651598 158301.67489213502
21442.62929129442 157307.91997498396
24928.292278169356 157820.83224924508
25241.73281205658 157870.64455207266
25340.25145576506 157886.42652163873
26465.308212571148 158070.8950904998
24995.59499297023 157831.47691441583
22519.181247136254 157458.27656864442
26733.47572196141 158116.01455926214
24849.676512983555 157808.43373765584
26851.32081606219 158135.98188106137
25775.923664953214 157956.93582969203
25485.936863823077 157909.87402234925
29182.876760905725 158548.52768780588
28749.84402730723 158469.39410349287
27567.120195235744 158259.09595279495
27760.096148342847 158292.8244554967
24587.9720314024 157767.43550099517
25846.936715222266 157968.53950549118
