3015589.4986473
139037.86935060556
37254.93979407767 143942.5567808843
24524.190767526077 141184.15295762275
26999.57625117315 141635.11651879616
28100.1258912674 141849.0260405789
26039.336559405565 141455.2090310151
26768.166904115693 141591.18571775002
23630.30856311457 141031.62977268544
24000.384351637906 141094.10888687184
25963.64646789689 141441.2954248734
23384.073830902715 140990.58132542364
24975.4611054697 141263.23927684367
23874.519476468067 141072.75354861424
25181.648327555653 141299.83908714392
24948.867957432663 141258.54001055277
26783.95171986364 141594.17072495032
26338.827734532537 141510.64610122662
24203.183319393484 141128.7468815132
29422.56309187033 142116.91078986647
26587.748153064793 141557.1879679972
28123.886631092257 141853.73492720647
