6481359.942324635
226795.02461875763
33835.78949206503 229305.13261234123
26869.516357801807 228381.159689494
22520.930262868296 227910.4549855177
23828.343696240772 228043.3580595798
24577.52893336414 228122.85751385614
26784.94287390072 228371.22488738954
25377.522599505897 228210.4332520364
24798.68674713897 228146.79058930528
23591.48893379558 228018.73068217156
25893.26664392231 228268.36059622982
24136.71100126411 228075.78567168117
21755.146064776676 227836.05854231576
24278.623490148748 228090.84758132757
25444.983680783113 228217.94492614214
26531.85379212622 228341.67919463752
25098.15449877527 228179.53578499734
23729.023676022094 228033.00146339624
25164.11342711328 228186.80022379584
24681.78184998005 228134.11307190018
26338.840439265095 228319.33275018376
