5806016.4049514765
222621.96193303008
33723.218362900436 225161.70498483253
28671.064023774645 224460.61535857606
27111.73490832934 224266.7699518154
26353.8882916078 224176.41571531873
25690.10154074848 224099.35129775412
24476.70887608215 223963.49526720608
28180.680049431856 224398.50414599787
25951.710938798835 224129.4921146186
27608.021680281574 224327.3072900119
24957.47370700268 224016.54722082554
27123.443669368935 224268.18573169023
28005.44435373639 224376.56483767985
22639.154954698755 223770.12595956502
25949.951222294083 224129.2883657514
25363.369422245196 224062.1307658969
23519.057959581573 223860.85862026416
24452.083739029255 223960.8053523291
26081.84995819909 224144.5980436331
23174.69125485746 223824.9410804267
24805.34086548985 223999.64926393653
