6834134.223307816
224269.15844279755
36470.38626592104 227215.19426092424
29056.380532469557 226143.60189550836
26255.69113986696 225800.8342453286
25522.115662787794 225716.7114250814
27166.611733020563 225908.56606529767
24510.049580918505 225604.51670808747
25031.421594357034 225661.75461445568
27016.017509748184 225890.5058445486
28799.558345098034 226110.7471782405
26675.478067454264 225850.0311241368
27441.05173984037 225941.73308449966
21584.34906041769 225305.43613726657
27993.877301321656 226009.54093800782
23684.31996341626 225516.3019401583
24885.76056147071 225645.64367023244
23949.89846978752 225544.3483338876
26207.418215353482 225795.226251906
24049.541206061123 225554.95086764044
25989.866955666817 225770.07909154813
25861.527315084233 225755.34107467192
