6815632.770780066
140353.20626776476
70736.23107221999 157170.72531453447
50540.025713687675 149175.45612061516
49477.53782416042 148818.8471221642
47543.63049680586 148187.10912377998
49510.66965959778 148829.86568489496
50187.25190991193 149056.30736036086
51295.81117336107 149433.2049898867
48404.652682140986 148465.59504104697
50535.665811388215 149173.97906010516
52848.23672537073 149973.1930534417
48844.61191858688 148609.61820524937
52148.15369347651 149727.92806716642
50301.32772555558 149094.7553759189
48316.22585084627 148436.7885333443
50141.11410928162 149040.77909662368
54030.946491779185 150394.03475015142
49194.986455620216 148725.1465018782
52563.351374592996 149873.04099600072
54753.29201085707 150655.05466350363
52905.952563795894 149993.5409486575
