10320656.250653053
267061.582827387
68676.17310748983 275750.44111461326
48972.275960577186 271514.59046422545
51222.03930307557 271929.3774725025
46500.62051855689 271079.6870493185
49982.98103299853 271698.70705468225
50747.81351466469 271840.4487906862
52799.98921368541 272231.0193259957
50159.437659446274 271731.2242060634
48964.73563472264 271513.230539505
49404.579847062254 271592.89668926573
50847.573113753686 271859.0898126654
46398.72127122379 271062.2259884517
52986.403714813656 272267.2363704103
47361.663377458084 271228.71562587813
52942.17547480089 272258.632491586
54248.41506946155 272515.6501189049
50750.02406628905 271840.8614702896
48438.26804982952 271418.7812843669
48206.19353577306 271377.46059214196
52217.980539230135 272118.7360580738
