6593834.567051219
146947.5524607208
69040.52696260043 162358.17668804215
49599.20169991624 155092.43689964726
52856.55789495883 156164.65312845554
52214.66308042197 155948.56272121778
50901.40248018892 155513.78057476354
46020.9905503903 153985.4367965915
48519.8358436087 154750.63051398928
49167.78264721842 154955.0064524469
52241.422998398 155957.52450944422
52790.89307503746 156142.43998935487
54626.5242460876 156772.57516999956
52825.14349419041 156154.02319319153
51807.21095000474 155812.6127135808
53643.00326812944 156432.58923202963
51361.905579300605 155665.11657706302
50801.14721178024 155480.99476223264
48062.188543926466 154607.7525282988
50548.19240369487 155398.52936721238
48140.807669150585 154632.21054243948
52215.27212520106 155948.7666424778
