9365713.155559435
408565.80159219634
69436.58281293635 414424.2430933013
53044.59276649636 411994.8337692055
51050.652586167154 411742.86072774336
50540.70966770329 411679.9455456239
46587.65710017448 411213.3558444304
52309.3134377057 411900.8114862925
52998.512108309464 411988.9033898237
51215.16003797001 411763.28982615087
51141.06841377052 411754.080865331
51740.327762952234 411828.93991039396
51414.16356475659 411788.08924713527
51173.66211126481 411758.13036864245
51531.80231145299 411802.79367706797
55297.33722618911 412290.9285142178
52580.434946441914 411935.33032488317
53571.96421502018 412063.0650527218
51496.82510552418 411798.4181935489
50852.96426106725 411718.3967287707
48003.83642371281 411376.20561015984
51390.88332800742 411785.1832205706
