5648075.587903264
232842.5089711202
31550.488789945597 234970.35414459638
25151.836799061657 234197.03003738337
22946.755249269117 233970.48437874005
25871.56306575849 234275.41859832982
26495.2452768626 234345.1130410967
25040.07002435701 234185.053090074
27414.621616778517 234450.83804997752
25929.08548105944 234281.77790395377
26966.994297387457 234398.91801241113
26545.258543755524 234350.7728494112
28491.570459923638 234579.20532566973
27611.07010413552 234473.8901802219
25149.61749605109 234196.79170336336
24302.265633027 234107.31321094482
27211.2082329385 234427.13972031284
26890.561931363944 234390.13696173936
27992.755191133754 234519.1427733518
24069.63964518732 234083.27906242237
27482.574167575403 234458.79353703378
24694.431587426534 234148.34813716752
