6045399.001743397
104036.73071372455
64396.42519959767 122354.16182583942
52659.0403934243 116604.52766844044
51312.29682412932 116002.55662257069
47489.577771395394 114363.02433264021
47861.77134489584 114518.07933173304
49552.79856736306 115235.06924300459
50455.23120404638 115625.99921058246
50182.329229708455 115507.17512139467
47293.21697348411 114281.62454778094
51395.035980131106 116039.1789913745
49618.61103588662 115263.38490056625
50985.060925541955 115858.17957819077
50881.53382872063 115812.65829933787
49748.40703096781 115319.31902200452
49473.707476892625 115201.0810240238
51581.08002909118 116121.69975757468
50509.419819970404 115649.65554713494
50023.6814321783 115438.33869929521
50308.600799989385 115562.09002970257
54490.658013612454 117443.06343226197
