4092112.178133068
180574.64818492264
31296.08717776195 183266.60535882652
28566.764286313286 182820.3040936726
25998.22532502679 182436.59525203143
27097.313352614634 182596.46206329647
27737.49352756008 182692.56173774085
29096.464720378186 182903.82124583726
24914.098665519494 182285.2596328863
27133.909216635384 182601.896475592
24581.52959893602 182240.10306332473
28306.31996100482 182779.78913666442
26033.169111193263 182441.57821363947
26608.84129161084 182524.61204450193
23823.447715501356 182139.39779235603
25445.919770862576 182358.70804571576
27071.11061039859 182592.5754153
27844.491340946002 182708.83740297827
24782.91036677475 182267.37561436
24373.48047972964 182212.15688806123
27608.4564051662 182673.01506293245
23521.997470785525 182100.21398155583
