8648248.60673088
284301.9231170542
69249.09797336791 292614.1163001681
55139.60847058703 289599.6545410184
54450.07014107651 289469.15833361604
50284.562267859605 288714.60075734823
49398.04148054494 288561.5185539047
47112.413181737276 288179.04671201285
52524.12399829999 289113.06973184174
49979.61468189891 288661.6451344638
50035.504977204364 288671.32737136737
52128.16825216301 289041.39740414533
50836.25477579451 288811.1983417483
45628.412243646315 287940.15956777486
49189.6760432892 288525.922088944
49898.486293806476 288647.6094174268
51782.042831161285 288979.1747648977
52262.41124955031 289065.6380782804
51415.45953695551 288913.7119754939
51889.48862092616 288998.4472576894
49481.68098422864 288575.84833284724
52917.3186102282 289184.7611768132
