12216.080038569835
445.2055211961519
760.7172660934079 881.4185810590707
872.6722533031501 979.6758738422674
835.791905946031 946.9720514082868
861.2739839452822 969.5364003091778
795.4349554151376 911.55072508323
854.9593135870159 963.9312133097245
850.5510633132868 960.0234723207842
852.2654109314772 961.5426598823651
887.8735480534707 993.2408536888244
807.8051799001947 922.3649845788271
880.0047653510438 986.2131327172582
851.8660746870797 961.1887251243925
834.7707532772004 946.070909937782
827.7994330558142 939.9254531457
836.1310187816327 947.2713637983113
783.5761642065378 901.22115000492
809.9920892248924 924.2808776072984
859.4494858248748 967.9159957290342
815.9081522362486 929.4697784162175
883.653947829799 989.470694674053
