2971.2747818834855
168.06091258351805
840.4407106434371 857.079376980479
796.9792186019957 814.5061971660178
812.9628258314798 830.1524116222895
819.6494663338923 836.7016899707066
844.8814813550475 861.4343781595313
845.3919609757731 861.9350544100555
819.8679678661682 836.9157395290164
820.6995947039754 837.7304429741508
817.5902994354365 834.6845919683241
823.0642500504478 840.0471594199374
836.3065973218183 853.0259052704109
820.8872667420646 837.9143005329734
829.1048318188331 845.9664842555732
848.4365996445913 864.9214611482798
799.678025889288 817.1471198190662
848.6457225546814 865.1265992609196
856.532960240472 872.8649278764203
848.6498850171806 865.1306824278498
817.9911545187773 835.0772414629445
862.2074145604904 878.4338882701913
