9588.4688922022
324.4723450322779
790.4745470912172 854.4778009344918
803.6598512725926 866.6899441197255
852.7273560514797 912.3739619527091
865.6177691386147 924.4330289097752
819.9928444612758 881.8563191690861
868.2625186473897 926.9099761997991
807.2210090889629 869.993138022001
848.5966183644431 908.5144596484555
804.1403622470632 867.1355285568802
870.1620089008425 928.6895199285434
856.7825390882133 916.1651717769904
810.2839804317522 872.8358560663295
866.3758853963743 925.1429497580892
825.5026520913423 886.981922758637
848.2959804417295 908.2336555778859
850.3215596442351 910.1258470599325
836.6638913640281 897.3788329368692
825.9351297333474 887.3844382331928
838.2507110941813 898.8584745891193
836.5814584037348 897.3019777286128
