3190.653848614679
169.93013605309318
791.3336876699105 809.3733726657221
849.9218294552608 866.7429649692015
850.8070268973114 867.6110004817018
764.108102781579 782.7754747534441
794.814549172769 812.7769796910665
802.3026039561478 820.1010422221377
886.3113384799303 902.4544530651411
834.5791801208584 851.7033867669123
834.5618296880338 851.6863851860375
805.3988639018834 823.1303548730729
825.4275652642219 842.7377508080721
848.1702805436845 865.0254770447942
775.3476495089824 793.7507346378513
795.0418884773012 812.999296169789
839.140219484661 856.1732062473064
855.79232909882 872.5002932282651
834.1438887770995 851.276851748717
800.8537565894311 818.6836938539994
877.1974179940762 893.5052105469206
833.2527470736977 850.4036639413572
