6508.797777203647
257.4872061864946
862.0840603083873 899.7158375773471
877.128478590614 914.1411429885515
790.6224988917922 831.4947967988866
908.4248978063345 944.2115527275486
839.0022758955116 877.6243389443894
841.507664652233 880.0197787653321
815.7615969987485 855.433600279806
856.9341620993683 894.7825543240483
831.4759724229124 870.4320502292858
868.6656272864025 906.0240799110152
821.6939315678711 861.092665469398
839.4221883486803 878.0257807387034
850.3150680972511 888.4454830674518
814.0707213178536 853.8212931619216
821.2007603808779 860.6220716434465
832.784087984273 871.681707132551
827.3844795184507 866.5245168474696
812.9317073867437 852.7353764354185
860.6749940013415 898.3657977956043
865.3877227490649 902.881815097939
