3980.993489046405
211.66883757590094
821.3121332630074 658.9756036401558
818.2718532388832 655.1824568399754
779.3965307646313 605.932486433776
832.4556543874342 672.8132300047962
804.8757565159988 638.3730957481525
843.6324581528645 686.5937302342095
831.5659801301907 671.7121446406647
854.5521141851783 699.9675291084856
794.7164906762063 625.5154086835721
788.6500940828215 617.7897675137749
821.994759278581 659.8261969862473
803.8523590336779 637.0822875201325
792.8702652554528 623.1681020993725
889.6168417583802 742.3700903781337
928.5464538536787 788.6023984950335
800.8301774345609 633.2647148213391
829.4622937770403 669.1060624039726
854.0669432208996 699.3751278466842
818.3481136141544 655.2776976242362
791.1344774956826 620.958120512356
