4730.800502114849
342.7200256728666
859.494009740967 925.3037170452858
814.7175351919602 883.8674550782338
825.3084659372846 893.6392336647768
883.5899908546367 947.7279609337885
796.2763098141166 866.8984816969042
815.0579281619224 884.1812270438772
821.450705447486 890.0776805860176
826.3636351316243 894.613812471704
808.8860253347392 878.4950870545802
844.2896742918118 911.1981508502989
834.1898043172656 901.8479060374257
847.12232562845 913.8234241774329
871.6991658863095 936.6517238568966
900.5438900148476 963.5540015174464
877.7374387812393 942.2738601040868
768.6610161839038 841.6036916495067
899.3732873425603 962.4600386419002
906.0313489827646 968.6845829973473
818.435876168199 887.2960607353182
847.4144699740322 914.0942511134115
