2290.990935220807
115.70461031072158
815.1786499691597 823.349128992493
814.5319459966747 822.7088475860006
816.7948834847949 824.9493551328425
863.1515994927968 870.8721149251079
812.1818329115681 820.3821588496108
909.0317720179005 916.3658218119863
858.5568203522845 866.3182848241047
813.8261992093901 822.0101212070058
805.216396644052 813.486940443167
817.5846530293625 825.7313253815053
827.8334042344952 835.8801959692726
828.657800955209 836.6966642284873
833.5275353394534 841.51988034521
865.358473163381 873.0594733022558
834.2099642438857 842.195833099963
835.7788318156861 843.749851886415
864.9013546623224 872.6063890116056
827.637274744356 835.6859550054784
835.4830232908811 843.456838880582
823.7233637069146 831.809916245166
