6913.390274528568
423.3080167100586
832.0311942725892 933.523210881036
861.8610946472986 960.2053027752058
862.3314257675563 960.6274849687
880.8381605761373 977.2745479844066
846.0155188896215 946.0084223795552
821.7613689580833 924.3816444103713
812.1282438245258 915.828565523317
825.4527496015445 927.6647664084894
863.7920796889878 961.9388930407255
814.6552995232311 918.0702228327891
829.8485823191254 931.5784167680413
832.7603480592429 934.1731500694771
839.4835948698695 940.1714647162003
797.9862817291756 903.3115646546968
819.4207862088658 922.301524384579
855.0714890832202 954.1157835682128
932.71742943133 1024.280957636119
840.7450677987267 941.2980112795616
774.3544810699849 882.5046965110763
836.0546298753111 937.1109972393444
