4012.0068723195122
1627.0079772705794
843.1425401773995 1832.4967397403198
787.9717564420712 1807.7761053439397
863.7448070432308 1842.0667875504005
811.4831454211035 1818.147368450818
889.3348599751008 1854.2037243164611
848.6575089590409 1835.0407422219992
810.881693051578 1817.8790053874043
821.4271865774444 1822.607357866924
856.6691163114741 1838.759618042554
851.8184561743129 1836.50473464712
842.3048499563986 1832.1114645026835
853.4314830599342 1837.2534540394752
856.0794312909733 1838.484960716728
843.2524508774967 1832.5473128989083
859.4865979529928 1840.0739577970512
825.8308421197548 1824.596267095362
852.2113901724546 1836.6870206003462
801.7370047935744 1813.8183985607504
849.8416011378408 1835.588653573188
864.6808884732845 1842.5059014812027
