3234.3626542768143
442.1844565048116
852.7762736669339 960.6010964514438
839.2409542139096 948.6055412047372
817.8292770656683 929.7159888913426
889.2228284361948 993.0983497048637
832.3645402459018 942.5273584534453
860.6881696613885 967.6317579376608
814.4063156072253 926.7063938893452
821.1229163688236 932.614570634889
830.4023962485031 940.7950006615209
809.231394862252 922.1618860076366
803.2598292030659 916.9260857810701
826.8770369675666 937.6847699726784
817.7533496927086 929.6491997028263
802.8616598234943 916.5772953706575
849.9799095618176 958.1194811886293
854.78409135274 962.3839859454172
814.4518402036016 926.7464019814087
854.9723032932422 962.551158626393
832.6372063220075 942.7681639333028
842.3802154965524 951.3840029317672
