4078.6802725613343
194.49519281566847
760.1504177247417 784.6381571116087
786.6505228789057 810.3378463172395
823.0309941809788 845.6999452589174
888.6289717973785 909.664679728782
796.996520372617 820.385173875337
820.2268204777866 842.9711840030499
838.3666164738837 860.6317235881303
763.8006763861081 788.1750143694503
802.0925029443272 825.3367575165313
838.8018094422459 861.0556634457422
869.4418477081059 890.9306968415045
862.1259265314085 883.7926754765764
833.6066559267986 855.9955822513722
849.7832337638802 871.7568034805363
833.1603571114927 855.5609625798475
828.4829241245274 851.00666013512
874.8182068678834 896.1781491957657
836.0755563769067 858.4000908663511
843.1690539258749 865.3105994535525
833.3470395851407 855.7427583180157
