6282.26268503367
257.09416127963425
810.1039562916337 849.9210714904342
823.0805466302049 862.2986686787627
843.8095230049305 882.1065235434435
787.6660498425333 828.5621363776085
788.5778426392933 829.428973249514
864.176885429123 901.609170912805
869.5835268393253 906.7926543121093
849.2929304418898 887.3533058836738
815.2013375966458 854.7810413102584
855.9094756686576 893.6881101947714
859.4421559806766 897.0720301295793
814.3994451203181 854.0163136476707
816.9170448662843 856.4174600959242
845.1977926288798 883.4346135559902
799.0770781818032 839.417407872666
838.858270346981 877.3714182110219
866.0676241321592 903.421572320475
811.5612865508867 851.3102428564006
888.8726392925123 925.3064231090758
867.0249108007278 904.3393189025336
