4796.403302109401
361.3218679888246
807.9130139033359 885.0293386782728
813.6233820276734 890.245190983407
787.1143051357734 866.0845349250304
833.4977530367994 908.4448230929198
824.156910848837 899.882273404041
865.6797152438058 938.0590928462459
832.6285354937658 907.6473821949979
879.3828853722389 950.7195966069834
845.1448749828137 919.1427266734167
812.8142502881216 889.5057603851645
831.8008852854418 906.8881987591283
847.8792909182242 921.6576285448624
860.7570094177519 933.5181420565543
874.0543389096404 945.793042717969
832.6397877930998 907.6577044806453
802.8968908755419 880.4526731542963
800.7068175259194 878.4559749466209
856.8996232887965 929.9626103663637
793.713635123808 872.0864790078896
822.0200441262548 897.9256345779792
