5969.893393116099
398.3711300127878
847.0323381380331 936.0359710391772
830.7817114449356 921.356504996329
855.4953736280927 943.7011664328554
817.6472067223503 909.5309295942279
809.0812076555942 901.838099555074
850.3328967723385 939.0237444074158
828.8612046360322 919.6251702614213
872.4551101715556 959.1024327422698
816.4593053824674 908.4631828386295
851.9374132047537 940.4769605076292
802.0738655219261 895.5568340317438
833.3286146320912 923.6536889940473
844.9665746884871 934.1670458587417
860.811409501812 948.5229780854872
848.0504567217896 936.9573813006099
804.0167732287965 897.2973469596963
818.7673011951636 910.5380007084169
854.0952915316283 942.4321324340373
883.5536655339556 969.2092844717073
850.2260514362666 938.9269917137215
