4133.979361276917
286.1821411799951
829.6962855871756 877.6651663633015
819.8560557531097 868.3686832707702
824.8010497635807 873.0389393500523
813.6424295206417 862.5046208842122
888.4172443602872 933.3731397501688
850.1341698144754 897.0107717393989
818.5229388106371 867.110154069001
872.9287841334749 918.6429557227926
798.5117806105843 848.246003058222
835.7590495204225 883.3987812905601
813.5852821694812 862.4507112253725
829.605527479335 877.5793691482417
809.760192077732 858.8432840769755
786.7149592142385 837.1503120598073
839.2299480042423 886.6832148843059
805.9540801480179 855.2556326839331
800.9774071928756 850.5674721994656
843.5764254697042 890.7981833943109
841.4473751481661 888.7822585279816
804.8780183972742 854.2416768277503
