7036.381876493041
325.84794498407143
821.5327455454377 883.7946227793997
825.1047020153338 887.1159183207938
841.1411418893375 902.0506104588848
841.8584700968937 902.7195394607535
874.0242259592075 932.7889529866328
823.6244948976966 885.7393475768339
859.1322507491733 918.8498830209819
822.3476150803482 884.5521371172332
830.9075128106705 892.5156458547694
872.7860008260378 931.6288351528434
809.1347333970834 872.2820071742237
848.2089924696552 908.644803075837
793.1551015071503 857.4799696186325
807.8429761199458 871.0838979780549
849.4333747707967 909.7878551755085
851.3836811958117 911.609047704586
828.9907015883463 890.7314222425792
805.2029207642984 868.6360727357011
840.4939493591144 901.4471488443584
824.743933516511 886.7803781786
