4422.165733861285
279.1535262614699
826.0927387767624 871.9838899222221
825.7841370680507 871.6915350383077
839.5899246319102 884.7812909231465
803.6009211641519 850.7062546614299
864.6851845810228 908.6292751491881
776.821323081831 825.4562733535985
782.5199248569343 830.821355059147
818.0798444951959 864.3965080872887
833.6179114403461 879.1163253508472
831.1632365723207 876.7890379410467
925.9636380676922 967.1273702298822
825.0513317821906 870.9973543586598
799.4070515229059 846.7457264425655
833.8427298641533 879.329511259295
846.3100316678235 891.1606818783065
801.0473489792541 848.2944928094832
838.9391550931308 884.1637841331104
873.8754153922173 917.3793832712458
862.7820654202513 906.8183851439322
839.3245347387553 884.5294601304312
