5035.866909099861
308.94778675880804
839.5832829388082 894.6221682551051
877.6511599298366 930.4409134756136
829.134317424443 884.8234011790511
854.3241194955132 908.4703826184588
905.9690827619788 957.1983670398413
786.7497835891803 845.2360362175682
808.3723966783838 865.3985594249112
840.7594241410226 895.726043065125
791.935282746625 850.0648369401799
824.8073975274968 880.7701050553626
847.1643372360451 901.7406219239219
883.4475385791662 935.9104061632955
824.0436078606243 880.0548861287618
863.817295441063 917.4034308014535
864.7022589857513 918.2367514090292
814.0021505386642 870.659655677648
930.5672121453366 980.5121474327095
812.8197629491616 869.5543122680092
804.8858427553388 862.1426533997362
871.624760408871 924.7585943915195
